1.0000	0.9022	0.9211	0.8832	0.9197	0.8871	0.9204	0.9103	0.9344	0.9004
0.9022	1.0000	0.9055	0.8407	0.9359	0.9308	0.9100	0.9434	0.9023	0.9420
0.9211	0.9055	1.0000	0.8848	0.9071	0.8837	0.9151	0.8963	0.8919	0.8901
0.8832	0.8407	0.8848	1.0000	0.8455	0.8385	0.8497	0.8392	0.8467	0.8254
0.9197	0.9359	0.9071	0.8455	1.0000	0.9292	0.9126	0.9438	0.9186	0.9455
0.8871	0.9308	0.8837	0.8385	0.9292	1.0000	0.8950	0.9167	0.8933	0.9230
0.9204	0.9100	0.9151	0.8497	0.9126	0.8950	1.0000	0.9032	0.9238	0.9047
0.9103	0.9434	0.8963	0.8392	0.9438	0.9167	0.9032	1.0000	0.9149	0.9485
0.9344	0.9023	0.8919	0.8467	0.9186	0.8933	0.9238	0.9149	1.0000	0.9086
0.9004	0.9420	0.8901	0.8254	0.9455	0.9230	0.9047	0.9485	0.9086	1.0000
