1.0000 0.8512 0.9048 0.8215 0.9271 0.8555 0.8107 0.9068 0.8437 0.8182
0.8512 1.0000 0.9078 0.9155 0.8883 0.9104 0.8738 0.8983 0.8550 0.8553
0.9048 0.9078 1.0000 0.8804 0.9290 0.9200 0.8612 0.9511 0.8634 0.8466
0.8215 0.9155 0.8804 1.0000 0.8619 0.9164 0.8676 0.8748 0.8212 0.8230
0.9271 0.8883 0.9290 0.8619 1.0000 0.8899 0.8586 0.9307 0.8891 0.8591
0.8555 0.9104 0.9200 0.9164 0.8899 1.0000 0.8801 0.9174 0.8324 0.8313
0.8107 0.8738 0.8612 0.8676 0.8586 0.8801 1.0000 0.8602 0.8692 0.8776
0.9068 0.8983 0.9511 0.8748 0.9307 0.9174 0.8602 1.0000 0.8563 0.8338
0.8437 0.8550 0.8634 0.8212 0.8891 0.8324 0.8692 0.8563 1.0000 0.9159
0.8182 0.8553 0.8466 0.8230 0.8591 0.8313 0.8776 0.8338 0.9159 1.0000
