1.0000	0.8675	0.8683	0.8731	0.8742	0.8590	0.8665	0.8885	0.8846	0.8705
0.8675	1.0000	0.9222	0.9060	0.9233	0.9320	0.9221	0.8744	0.8855	0.9247
0.8683	0.9222	1.0000	0.8793	0.9156	0.9326	0.9287	0.8816	0.8797	0.8945
0.8731	0.9060	0.8793	1.0000	0.9052	0.9007	0.8714	0.8812	0.8969	0.9336
0.8742	0.9233	0.9156	0.9052	1.0000	0.9334	0.9109	0.8721	0.8679	0.8972
0.8590	0.9320	0.9326	0.9007	0.9334	1.0000	0.9138	0.8745	0.8798	0.8981
0.8665	0.9221	0.9287	0.8714	0.9109	0.9138	1.0000	0.8773	0.8696	0.8798
0.8885	0.8744	0.8816	0.8812	0.8721	0.8745	0.8773	1.0000	0.9119	0.8818
0.8846	0.8855	0.8797	0.8969	0.8679	0.8798	0.8696	0.9119	1.0000	0.8997
0.8705	0.9247	0.8945	0.9336	0.8972	0.8981	0.8798	0.8818	0.8997	1.0000
