1.0000	0.9449	0.9352	0.9609	0.9403	0.9592	0.9667	0.9435	0.9655	0.9553
0.9449	1.0000	0.9219	0.9483	0.9600	0.9396	0.9408	0.9194	0.9340	0.9342
0.9352	0.9219	1.0000	0.9531	0.9246	0.9158	0.9314	0.8977	0.9472	0.9091
0.9609	0.9483	0.9531	1.0000	0.9474	0.9494	0.9561	0.9255	0.9618	0.9391
0.9403	0.9600	0.9246	0.9474	1.0000	0.9368	0.9311	0.9117	0.9282	0.9292
0.9592	0.9396	0.9158	0.9494	0.9368	1.0000	0.9617	0.9568	0.9428	0.9668
0.9667	0.9408	0.9314	0.9561	0.9311	0.9617	1.0000	0.9506	0.9597	0.9571
0.9435	0.9194	0.8977	0.9255	0.9117	0.9568	0.9506	1.0000	0.9263	0.9644
0.9655	0.9340	0.9472	0.9618	0.9282	0.9428	0.9597	0.9263	1.0000	0.9357
0.9553	0.9342	0.9091	0.9391	0.9292	0.9668	0.9571	0.9644	0.9357	1.0000
