  1:	0.214  0.702  0.084	3
  2:	0.074  0.084  0.842	68
  3:	0.501  0.420  0.079	49
  4:	0.555  0.370  0.075	13
  5:	0.213  0.178  0.610	3
  6:	0.448  0.491  0.060	91

  1:	0.733  0.072  0.195	3
  2:	0.075  0.854  0.071	68
  3:	0.416  0.071  0.513	49
  4:	0.367  0.071  0.562	13
  5:	0.147  0.625  0.228	3
  6:	0.502  0.053  0.445	91

  1:	0.457  0.080  0.463	3
  2:	0.082  0.838  0.080	68
  3:	0.470  0.079  0.451	49
  4:	0.507  0.078  0.415	13
  5:	0.229  0.611  0.160	3
  6:	0.463  0.061  0.476	91

  1:	0.737  0.067  0.196	3
  2:	0.086  0.843  0.071	68
  3:	0.431  0.077  0.492	49
  4:	0.376  0.076  0.547	13
  5:	0.171  0.614  0.215	3
  6:	0.487  0.059  0.454	91

  1:	0.711  0.082  0.207	3
  2:	0.083  0.847  0.070	68
  3:	0.412  0.076  0.512	49
  4:	0.349  0.074  0.577	13
  5:	0.200  0.622  0.178	3
  6:	0.496  0.056  0.448	91

  1:	0.630  0.078  0.292	3
  2:	0.080  0.847  0.073	68
  3:	0.428  0.075  0.498	49
  4:	0.381  0.076  0.543	13
  5:	0.215  0.615  0.170	3
  6:	0.494  0.056  0.449	91

  1:	0.082  0.554  0.364	3
  2:	0.843  0.076  0.081	68
  3:	0.079  0.455  0.466	49
  4:	0.077  0.445  0.478	13
  5:	0.612  0.127  0.261	3
  6:	0.062  0.480  0.458	91

  1:	0.774  0.078  0.148	3
  2:	0.083  0.841  0.076	68
  3:	0.399  0.081  0.520	49
  4:	0.315  0.078  0.607	13
  5:	0.154  0.615  0.231	3
  6:	0.500  0.062  0.438	91

  1:	0.071  0.477  0.452	3
  2:	0.854  0.076  0.070	68
  3:	0.073  0.465  0.462	49
  4:	0.072  0.469  0.460	13
  5:	0.616  0.208  0.177	3
  6:	0.055  0.463  0.482	91

  1:	0.086  0.163  0.751	3
  2:	0.835  0.077  0.089	68
  3:	0.086  0.503  0.412	49
  4:	0.080  0.533  0.388	13
  5:	0.611  0.233  0.155	3
  6:	0.066  0.442  0.492	91

