  1:	0.445  0.056  0.121  0.377	3
  2:	0.066  0.809  0.063  0.062	68
  3:	0.296  0.062  0.364  0.278	49
  4:	0.291  0.066  0.407  0.237	13
  5:	0.049  0.597  0.311  0.043	3
  6:	0.324  0.047  0.280  0.349	91

  1:	0.388  0.079  0.087  0.446	3
  2:	0.070  0.800  0.059  0.070	68
  3:	0.300  0.067  0.365  0.269	49
  4:	0.309  0.064  0.393  0.234	13
  5:	0.142  0.575  0.162  0.120	3
  6:	0.345  0.052  0.243  0.360	91

  1:	0.182  0.233  0.063  0.522	3
  2:	0.057  0.063  0.809  0.070	68
  3:	0.330  0.299  0.064  0.307	49
  4:	0.351  0.320  0.063  0.266	13
  5:	0.103  0.180  0.589  0.128	3
  6:	0.287  0.328  0.048  0.336	91

  1:	0.300  0.344  0.294  0.062	3
  2:	0.060  0.065  0.066  0.809	68
  3:	0.321  0.321  0.295  0.063	49
  4:	0.319  0.327  0.293  0.061	13
  5:	0.099  0.129  0.175  0.597	3
  6:	0.308  0.320  0.324  0.048	91

  1:	0.067  0.435  0.134  0.363	3
  2:	0.808  0.069  0.061  0.062	68
  3:	0.065  0.265  0.387  0.282	49
  4:	0.062  0.240  0.473  0.226	13
  5:	0.582  0.178  0.135  0.105	3
  6:	0.050  0.347  0.233  0.370	91

  1:	0.356  0.063  0.062  0.520	3
  2:	0.061  0.812  0.055  0.071	68
  3:	0.271  0.061  0.360  0.308	49
  4:	0.294  0.059  0.397  0.250	13
  5:	0.092  0.597  0.235  0.076	3
  6:	0.345  0.047  0.264  0.343	91

  1:	0.380  0.152  0.409  0.060	3
  2:	0.067  0.065  0.063  0.805	68
  3:	0.306  0.354  0.279  0.060	49
  4:	0.271  0.407  0.261  0.061	13
  5:	0.078  0.253  0.087  0.582	3
  6:	0.320  0.287  0.344  0.049	91

  1:	0.302  0.290  0.052  0.356	3
  2:	0.064  0.055  0.815  0.066	68
  3:	0.324  0.278  0.060  0.338	49
  4:	0.295  0.329  0.058  0.319	13
  5:	0.192  0.094  0.600  0.114	3
  6:	0.323  0.324  0.045  0.308	91

  1:	0.068  0.501  0.305  0.126	3
  2:	0.807  0.075  0.059  0.060	68
  3:	0.061  0.285  0.278  0.377	49
  4:	0.061  0.248  0.277  0.414	13
  5:	0.586  0.155  0.091  0.167	3
  6:	0.047  0.335  0.362  0.256	91

  1:	0.104  0.440  0.394  0.062	3
  2:	0.061  0.073  0.059  0.807	68
  3:	0.366  0.295  0.273  0.065	49
  4:	0.388  0.246  0.297  0.068	13
  5:	0.217  0.119  0.073  0.590	3
  6:	0.268  0.341  0.342  0.049	91

