  1:	0.012  0.349  0.043  0.452  0.143	3
  2:	0.011  0.061  0.824  0.058  0.045	68
  3:	0.030  0.281  0.054  0.302  0.333	49
  4:	0.121  0.384  0.054  0.196  0.245	13
  5:	0.008  0.160  0.617  0.048  0.166	3
  6:	0.008  0.306  0.038  0.349  0.299	91

  1:	0.305  0.220  0.039  0.012  0.424	3
  2:	0.053  0.052  0.820  0.011  0.063	68
  3:	0.287  0.329  0.048  0.030  0.307	49
  4:	0.270  0.319  0.055  0.121  0.235	13
  5:	0.115  0.198  0.600  0.010  0.077	3
  6:	0.322  0.303  0.035  0.008  0.331	91

  1:	0.049  0.475  0.011  0.420  0.045	3
  2:	0.048  0.060  0.012  0.059  0.821	68
  3:	0.350  0.283  0.030  0.287  0.050	49
  4:	0.335  0.235  0.121  0.250  0.059	13
  5:	0.258  0.079  0.008  0.053  0.602	3
  6:	0.282  0.339  0.008  0.337  0.035	91

  1:	0.049  0.065  0.129  0.434  0.323	3
  2:	0.791  0.023  0.055  0.063  0.068	68
  3:	0.054  0.074  0.325  0.283  0.264	49
  4:	0.051  0.156  0.303  0.243  0.246	13
  5:	0.583  0.027  0.183  0.062  0.144	3
  6:	0.040  0.074  0.275  0.318  0.292	91

  1:	0.352  0.052  0.151  0.010  0.435	3
  2:	0.050  0.826  0.053  0.011  0.061	68
  3:	0.268  0.052  0.343  0.030  0.307	49
  4:	0.299  0.051  0.272  0.121  0.257	13
  5:	0.089  0.610  0.213  0.007  0.082	3
  6:	0.322  0.037  0.295  0.008  0.338	91

  1:	0.315  0.213  0.009  0.428  0.035	3
  2:	0.054  0.057  0.011  0.052  0.825	68
  3:	0.307  0.344  0.030  0.269  0.050	49
  4:	0.241  0.388  0.121  0.193  0.056	13
  5:	0.106  0.226  0.010  0.042  0.617	3
  6:	0.323  0.291  0.008  0.343  0.036	91

  1:	0.389  0.039  0.010  0.087  0.474	3
  2:	0.057  0.821  0.012  0.048  0.062	68
  3:	0.284  0.047  0.030  0.342  0.297	49
  4:	0.228  0.058  0.121  0.369  0.224	13
  5:	0.057  0.615  0.008  0.267  0.053	3
  6:	0.338  0.036  0.008  0.285  0.333	91

  1:	0.010  0.366  0.088  0.043  0.493	3
  2:	0.011  0.059  0.047  0.822  0.060	68
  3:	0.030  0.255  0.364  0.049  0.301	49
  4:	0.121  0.331  0.269  0.054  0.224	13
  5:	0.009  0.150  0.170  0.617  0.054	3
  6:	0.008  0.324  0.299  0.035  0.334	91

  1:	0.068  0.009  0.036  0.493  0.394	3
  2:	0.046  0.011  0.822  0.064  0.057	68
  3:	0.353  0.030  0.047  0.310  0.261	49
  4:	0.299  0.121  0.052  0.234  0.294	13
  5:	0.207  0.008  0.608  0.068  0.109	3
  6:	0.296  0.008  0.037  0.326  0.333	91

  1:	0.351  0.128  0.047  0.059  0.415	3
  2:	0.062  0.031  0.795  0.051  0.062	68
  3:	0.239  0.133  0.054  0.318  0.256	49
  4:	0.186  0.186  0.057  0.326  0.244	13
  5:	0.077  0.030  0.583  0.264  0.046	3
  6:	0.297  0.120  0.040  0.244  0.299	91

