  1:	0.346  0.072  0.268  0.273  0.010  0.031	3
  2:	0.056  0.041  0.050  0.052  0.012  0.790	68
  3:	0.242  0.223  0.225  0.237  0.030  0.042	49
  4:	0.203  0.263  0.178  0.186  0.121  0.049	13
  5:	0.052  0.223  0.062  0.065  0.009  0.590	3
  6:	0.245  0.214  0.248  0.252  0.008  0.033	91

  1:	0.288  0.069  0.012  0.037  0.361  0.233	3
  2:	0.054  0.041  0.011  0.780  0.058  0.054	68
  3:	0.195  0.280  0.030  0.045  0.244  0.205	49
  4:	0.148  0.213  0.121  0.048  0.181  0.288	13
  5:	0.090  0.171  0.009  0.590  0.055  0.085	3
  6:	0.256  0.228  0.008  0.033  0.249  0.226	91

  1:	0.306  0.070  0.145  0.010  0.437  0.032	3
  2:	0.067  0.042  0.042  0.011  0.062  0.775	68
  3:	0.209  0.294  0.150  0.030  0.270  0.047	49
  4:	0.291  0.187  0.143  0.121  0.217  0.040	13
  5:	0.138  0.159  0.032  0.009  0.082  0.580	3
  6:	0.226  0.252  0.231  0.008  0.249  0.033	91

  1:	0.117  0.038  0.118  0.262  0.012  0.454	3
  2:	0.049  0.785  0.040  0.056  0.011  0.060	68
  3:	0.269  0.047  0.137  0.253  0.030  0.264	49
  4:	0.275  0.046  0.133  0.229  0.121  0.196	13
  5:	0.147  0.578  0.032  0.150  0.009  0.083	3
  6:	0.240  0.033  0.238  0.237  0.008  0.244	91

  1:	0.012  0.344  0.293  0.253  0.056  0.043	3
  2:	0.011  0.059  0.050  0.059  0.040  0.781	68
  3:	0.031  0.247  0.181  0.214  0.281  0.047	49
  4:	0.121  0.223  0.204  0.186  0.217  0.048	13
  5:	0.008  0.083  0.030  0.074  0.225  0.579	3
  6:	0.008  0.256  0.242  0.243  0.217  0.034	91

  1:	0.087  0.324  0.033  0.123  0.010  0.424	3
  2:	0.042  0.069  0.776  0.044  0.012  0.057	68
  3:	0.291  0.218  0.047  0.176  0.030  0.238	49
  4:	0.187  0.239  0.045  0.223  0.121  0.185	13
  5:	0.127  0.060  0.585  0.147  0.008  0.074	3
  6:	0.233  0.239  0.034  0.232  0.008  0.254	91

  1:	0.316  0.010  0.286  0.040  0.104  0.244	3
  2:	0.051  0.011  0.065  0.780  0.042  0.051	68
  3:	0.171  0.030  0.231  0.049  0.290  0.229	49
  4:	0.145  0.121  0.227  0.044  0.216  0.247	13
  5:	0.073  0.007  0.064  0.588  0.184  0.084	3
  6:	0.241  0.008  0.238  0.033  0.232  0.248	91

  1:	0.047  0.012  0.085  0.126  0.313  0.416	3
  2:	0.785  0.012  0.051  0.036  0.059  0.057	68
  3:	0.049  0.031  0.280  0.114  0.257  0.268	49
  4:	0.049  0.122  0.269  0.093  0.261  0.206	13
  5:	0.582  0.008  0.185  0.039  0.128  0.059	3
  6:	0.034  0.008  0.232  0.223  0.250  0.253	91

  1:	0.348  0.011  0.092  0.271  0.238  0.040	3
  2:	0.057  0.011  0.044  0.051  0.049  0.788	68
  3:	0.235  0.030  0.242  0.218  0.233  0.041	49
  4:	0.179  0.121  0.278  0.158  0.214  0.050	13
  5:	0.059  0.009  0.211  0.043  0.094  0.584	3
  6:	0.244  0.008  0.214  0.263  0.239  0.032	91

  1:	0.039  0.310  0.218  0.272  0.151  0.010	3
  2:	0.775  0.044  0.052  0.063  0.053  0.012	68
  3:	0.045  0.208  0.270  0.218  0.228  0.030	49
  4:	0.044  0.195  0.201  0.212  0.225  0.122	13
  5:	0.585  0.036  0.157  0.061  0.152  0.008	3
  6:	0.033  0.269  0.224  0.229  0.238  0.008	91

