1.0000	0.8504	0.8791	0.8240	0.8186	0.8344	0.8183	0.8165	0.8125	0.8984
0.8504	1.0000	0.8954	0.8625	0.8166	0.8316	0.8672	0.8620	0.8417	0.8863
0.8791	0.8954	1.0000	0.8714	0.8256	0.8502	0.8714	0.8746	0.8395	0.9141
0.8240	0.8625	0.8714	1.0000	0.8162	0.8551	0.9266	0.9251	0.8951	0.8982
0.8186	0.8166	0.8256	0.8162	1.0000	0.9267	0.8201	0.8091	0.7912	0.8359
0.8344	0.8316	0.8502	0.8551	0.9267	1.0000	0.8512	0.8435	0.8259	0.8677
0.8183	0.8672	0.8714	0.9266	0.8201	0.8512	1.0000	0.9278	0.8826	0.8870
0.8165	0.8620	0.8746	0.9251	0.8091	0.8435	0.9278	1.0000	0.8854	0.8805
0.8125	0.8417	0.8395	0.8951	0.7912	0.8259	0.8826	0.8854	1.0000	0.8668
0.8984	0.8863	0.9141	0.8982	0.8359	0.8677	0.8870	0.8805	0.8668	1.0000
