pop	clust1	clust2	clust3	clust4
Coos	0.1067	0.0090	0.5120	0.3723
Coos	0.1141	0.1376	0.4034	0.3449
Coos	0.1160	0.0484	0.4422	0.3934
Yaquina	0.0530	0.7775	0.0901	0.0794
Yaquina	0.2003	0.0154	0.4191	0.3651
Yaquina	0.0450	0.7607	0.0970	0.0973
Yaquina	0.0220	0.9204	0.0273	0.0303
Yaquina	0.0089	0.9719	0.0101	0.0091
Yaquina	0.0460	0.8223	0.0700	0.0617
Yaquina	0.0127	0.9596	0.0141	0.0136
Yaquina	0.0156	0.9434	0.0213	0.0197
Yaquina	0.0537	0.8327	0.0593	0.0543
Yaquina	0.0213	0.9327	0.0236	0.0224
Yaquina	0.0414	0.8886	0.0368	0.0331
Yaquina	0.0986	0.5642	0.1836	0.1536
Yaquina	0.0147	0.9549	0.0150	0.0154
Yaquina	0.0606	0.8149	0.0674	0.0571
Yaquina	0.0276	0.9157	0.0291	0.0276
Yaquina	0.0229	0.9200	0.0287	0.0284
Yaquina	0.1029	0.6618	0.1221	0.1133
Yaquina	0.0327	0.8686	0.0516	0.0471
Yaquina	0.1963	0.2161	0.3168	0.2708
Yaquina	0.0161	0.9049	0.0396	0.0394
Yaquina	0.0107	0.9610	0.0140	0.0143
Yaquina	0.1002	0.5738	0.1660	0.1600
Yaquina	0.0364	0.9159	0.0246	0.0231
Yaquina	0.0394	0.8643	0.0477	0.0486
Yaquina	0.0100	0.9683	0.0111	0.0106
Yaquina	0.0420	0.8861	0.0386	0.0333
Yaquina	0.2701	0.3295	0.1935	0.2068
Yaquina	0.0126	0.9609	0.0139	0.0127
Yaquina	0.0169	0.9211	0.0374	0.0246
Yaquina	0.0417	0.9066	0.0269	0.0249
Yaquina	0.0647	0.7370	0.1056	0.0927
Yaquina	0.0187	0.9048	0.0449	0.0316
Yaquina	0.0170	0.9563	0.0133	0.0134
Yaquina	0.0147	0.9556	0.0156	0.0141
Yaquina	0.0403	0.8707	0.0457	0.0433
Yaquina	0.0201	0.9541	0.0130	0.0127
Yaquina	0.0103	0.9583	0.0157	0.0157
Yaquina	0.2041	0.3710	0.2259	0.1989
Yaquina	0.0171	0.9337	0.0253	0.0239
Yaquina	0.0521	0.8390	0.0571	0.0517
Yaquina	0.0309	0.8526	0.0612	0.0553
Yaquina	0.0603	0.7615	0.1026	0.0756
Yaquina	0.0116	0.9593	0.0151	0.0140
Yaquina	0.2088	0.2723	0.2700	0.2490
Yaquina	0.1226	0.5351	0.2073	0.1350
Yaquina	0.5414	0.1797	0.1399	0.1390
Yaquina	0.0363	0.8630	0.0569	0.0439
Yaquina	0.0126	0.9594	0.0147	0.0133
Yaquina	0.0260	0.9330	0.0211	0.0199
Yaquina	0.1969	0.5474	0.1475	0.1081
Yaquina	0.0104	0.9706	0.0100	0.0090
Yaquina	0.0304	0.9203	0.0254	0.0239
Yaquina	0.0243	0.8919	0.0438	0.0400
Yaquina	0.2310	0.3539	0.2195	0.1955
Yaquina	0.0197	0.9353	0.0226	0.0224
Yaquina	0.0386	0.8963	0.0364	0.0287
Yaquina	0.0141	0.9470	0.0199	0.0190
Yaquina	0.0347	0.8354	0.0657	0.0641
Yaquina	0.0116	0.9637	0.0120	0.0127
Nehalem	0.1115	0.0460	0.4117	0.4308
Nehalem	0.2780	0.0070	0.3178	0.3972
Nehalem	0.2131	0.0123	0.3393	0.4353
Nehalem	0.0867	0.0724	0.4853	0.3556
Nehalem	0.2088	0.0436	0.3907	0.3569
Nehalem	0.4854	0.0177	0.2443	0.2526
Nehalem	0.7714	0.0130	0.0998	0.1158
Nehalem	0.8083	0.0286	0.0879	0.0753
Nehalem	0.4171	0.0666	0.2572	0.2591
Nehalem	0.6563	0.0100	0.1718	0.1618
Nehalem	0.1313	0.0303	0.4083	0.4302
Nehalem	0.0830	0.3814	0.2995	0.2361
Nehalem	0.3685	0.1339	0.2403	0.2573
Nehalem	0.1207	0.0191	0.4316	0.4286
Nehalem	0.6405	0.0786	0.1451	0.1358
Nehalem	0.5994	0.0234	0.1876	0.1896
Nehalem	0.6135	0.0100	0.1982	0.1783
Nehalem	0.3642	0.0748	0.2805	0.2804
Nehalem	0.2258	0.0481	0.3719	0.3542
Nehalem	0.6495	0.0149	0.1680	0.1677
Nehalem	0.1898	0.0493	0.4415	0.3195
Nehalem	0.4400	0.0374	0.2794	0.2432
Nehalem	0.3102	0.1460	0.2932	0.2506
Nehalem	0.4382	0.0836	0.2481	0.2301
Nehalem	0.1641	0.0363	0.3837	0.4159
Nehalem	0.4887	0.0161	0.2686	0.2266
Nehalem	0.4854	0.0083	0.2515	0.2548
Nehalem	0.1862	0.3372	0.2475	0.2292
Nehalem	0.2908	0.0676	0.3399	0.3017
Nehalem	0.5048	0.0124	0.2353	0.2475
Nehalem	0.2484	0.0261	0.3529	0.3726
Nehalem	0.3092	0.0403	0.3309	0.3197
Nehalem	0.4536	0.0417	0.2674	0.2373
Nehalem	0.4638	0.0479	0.2718	0.2165
Nehalem	0.2751	0.0311	0.3314	0.3624
Nehalem	0.5934	0.0288	0.2054	0.1724
Nehalem	0.0794	0.0440	0.4782	0.3983
Nehalem	0.4250	0.0091	0.2844	0.2815
Nehalem	0.1995	0.4685	0.1726	0.1594
Nehalem	0.1166	0.0267	0.4077	0.4490
Nehalem	0.5561	0.0356	0.1973	0.2110
Nehalem	0.3336	0.1469	0.2538	0.2657
Nehalem	0.5274	0.0344	0.2405	0.1977
Nehalem	0.1347	0.0256	0.4292	0.4105
Nehalem	0.3136	0.0688	0.3295	0.2881
Nehalem	0.4841	0.0227	0.2291	0.2641
Nehalem	0.4968	0.0173	0.2530	0.2330
Nehalem	0.2109	0.0206	0.3416	0.4269
Nehalem	0.4573	0.0311	0.2665	0.2450
Netarts	0.4952	0.0171	0.2490	0.2387
Netarts	0.5618	0.0209	0.2223	0.1951
Netarts	0.4724	0.0253	0.2669	0.2355
Netarts	0.4931	0.0304	0.2163	0.2602
Netarts	0.2845	0.0840	0.3108	0.3208
Netarts	0.3702	0.0234	0.2885	0.3179
Netarts	0.1862	0.4723	0.1644	0.1771
Netarts	0.4834	0.0559	0.2160	0.2447
Netarts	0.3408	0.0267	0.3349	0.2975
Netarts	0.6553	0.0127	0.1634	0.1687
Netarts	0.1829	0.0077	0.3223	0.4871
Netarts	0.5440	0.0114	0.2124	0.2322
Netarts	0.2760	0.0318	0.3373	0.3548
Siletz	0.0507	0.8783	0.0341	0.0369
Siletz	0.5489	0.0236	0.2407	0.1868
Siletz	0.0346	0.8592	0.0581	0.0481
Tillamook	0.2777	0.0163	0.3803	0.3257
Tillamook	0.2189	0.0064	0.3065	0.4682
Tillamook	0.2506	0.0107	0.3247	0.4140
Tillamook	0.1100	0.0080	0.3468	0.5352
Tillamook	0.5486	0.0166	0.2037	0.2311
Tillamook	0.0726	0.0181	0.4076	0.5017
Tillamook	0.4644	0.0279	0.2761	0.2317
Tillamook	0.1130	0.0332	0.4244	0.4294
Tillamook	0.0924	0.0486	0.4415	0.4175
Tillamook	0.3860	0.0513	0.3007	0.2620
Tillamook	0.1035	0.1376	0.3844	0.3745
Tillamook	0.1841	0.0643	0.3978	0.3538
Tillamook	0.2208	0.0304	0.3750	0.3738
Tillamook	0.0968	0.0324	0.4092	0.4616
Tillamook	0.0987	0.0767	0.4046	0.4200
Tillamook	0.5125	0.0099	0.2476	0.2300
Tillamook	0.5336	0.0701	0.2089	0.1874
Tillamook	0.5101	0.0083	0.2520	0.2296
Tillamook	0.4027	0.0177	0.3034	0.2761
Tillamook	0.4433	0.0124	0.2581	0.2862
Tillamook	0.3100	0.0209	0.3279	0.3413
Tillamook	0.1198	0.0149	0.3920	0.4734
Tillamook	0.1450	0.0327	0.3945	0.4278
Tillamook	0.1382	0.0323	0.3921	0.4374
Tillamook	0.3692	0.0167	0.2792	0.3349
Tillamook	0.4513	0.0100	0.2751	0.2636
Tillamook	0.2377	0.0273	0.3493	0.3857
Tillamook	0.3110	0.0570	0.3003	0.3317
Tillamook	0.0973	0.1316	0.4385	0.3327
Tillamook	0.1123	0.0333	0.4377	0.4168
Tillamook	0.2827	0.0572	0.3784	0.2818
Tillamook	0.1018	0.0268	0.4627	0.4087
Tillamook	0.1133	0.0274	0.4556	0.4037
Tillamook	0.5445	0.0073	0.2159	0.2323
Tillamook	0.1002	0.0176	0.3993	0.4830
Tillamook	0.3779	0.0263	0.3407	0.2551
Tillamook	0.8034	0.0116	0.0919	0.0932
Tillamook	0.8015	0.0117	0.0929	0.0940
Tillamook	0.3931	0.0339	0.3150	0.2581
Tillamook	0.6259	0.0186	0.1824	0.1731
Tillamook	0.1910	0.0509	0.3778	0.3804
Tillamook	0.3112	0.0430	0.3441	0.3017
Tillamook	0.2707	0.0224	0.3600	0.3469
Tillamook	0.5165	0.0892	0.1932	0.2012
Tillamook	0.2974	0.0211	0.3067	0.3747
Tillamook	0.2469	0.0306	0.3462	0.3764
Tillamook	0.1710	0.0507	0.3951	0.3831
Tillamook	0.3590	0.0180	0.3196	0.3034
Tillamook	0.2231	0.0291	0.3541	0.3937
Tillamook	0.1126	0.1036	0.4284	0.3554
Tillamook	0.0840	0.6752	0.1262	0.1146
Tillamook	0.2435	0.0216	0.3888	0.3461
Tillamook	0.1719	0.0117	0.3995	0.4169
Tillamook	0.1059	0.0251	0.4866	0.3823
Tillamook	0.6416	0.0084	0.1538	0.1962
Tillamook	0.7020	0.0274	0.1313	0.1393
Tillamook	0.1711	0.0645	0.3642	0.4002
Tillamook	0.1248	0.0131	0.4048	0.4572
Tillamook	0.5987	0.0263	0.1856	0.1894
Tillamook	0.6623	0.0627	0.1372	0.1378
Tillamook	0.2623	0.1387	0.2830	0.3159
Tillamook	0.2853	0.0399	0.3441	0.3308
Tillamook	0.2261	0.0336	0.3397	0.4006
Tillamook	0.1531	0.0100	0.3297	0.5071
Tillamook	0.0709	0.4009	0.2756	0.2527
Tillamook	0.1839	0.0183	0.3624	0.4354
Tillamook	0.1827	0.0654	0.3503	0.4016
Tillamook	0.3037	0.0687	0.2995	0.3281
Tillamook	0.0583	0.0364	0.4343	0.4710
Tillamook	0.3600	0.0277	0.3304	0.2819
Tillamook	0.1555	0.0996	0.4151	0.3298
Tillamook	0.1673	0.0459	0.3642	0.4227
Tillamook	0.2271	0.0093	0.3821	0.3815
Tillamook	0.0695	0.0134	0.4410	0.4760
Tillamook	0.0663	0.0311	0.4281	0.4745
Tillamook	0.1387	0.0154	0.4383	0.4076
Tillamook	0.1202	0.0703	0.3929	0.4166
Tillamook	0.1014	0.0323	0.4041	0.4622
Tillamook	0.2913	0.0331	0.3154	0.3601
Tillamook	0.2381	0.0213	0.3421	0.3985
Tillamook	0.1833	0.1229	0.3481	0.3458
Tillamook	0.1836	0.0163	0.3491	0.4510
Tillamook	0.1864	0.0117	0.3353	0.4666
Tillamook	0.1525	0.0169	0.3785	0.4521
Tillamook	0.2280	0.1101	0.3441	0.3177
Tillamook	0.0663	0.0446	0.4439	0.4453
Tillamook	0.0890	0.0176	0.5183	0.3751
Tillamook	0.4713	0.0527	0.2114	0.2646
Tillamook	0.0690	0.0140	0.4350	0.4821
Tillamook	0.0683	0.0193	0.4333	0.4791
Tillamook	0.1589	0.0818	0.3725	0.3868
Yaquina	0.0353	0.8891	0.0399	0.0357
Yaquina	0.0097	0.9707	0.0099	0.0097
Yaquina	0.0319	0.9104	0.0294	0.0283
Yaquina	0.0623	0.8238	0.0589	0.0550
Yaquina	0.0287	0.9020	0.0357	0.0336
Yaquina	0.0104	0.9714	0.0093	0.0089
Yaquina	0.0903	0.6309	0.1540	0.1248
Yaquina	0.0056	0.9840	0.0053	0.0051
Yaquina	0.0561	0.7950	0.0774	0.0714
