pop	clust1	clust2	clust3	clust4	clust5	clust6
Coos	0.1011	0.0050	0.3085	0.3255	0.0213	0.2385
Coos	0.1043	0.0786	0.3158	0.2965	0.0027	0.2021
Coos	0.0932	0.0287	0.3089	0.2826	0.0080	0.2787
Yaquina	0.0361	0.7502	0.0751	0.0626	0.0023	0.0737
Yaquina	0.1266	0.0083	0.3021	0.3190	0.0049	0.2391
Yaquina	0.0380	0.7265	0.0881	0.0667	0.0093	0.0714
Yaquina	0.0131	0.9264	0.0201	0.0184	0.0047	0.0171
Yaquina	0.0047	0.9728	0.0063	0.0059	0.0053	0.0050
Yaquina	0.0369	0.8242	0.0446	0.0547	0.0020	0.0376
Yaquina	0.0070	0.9620	0.0084	0.0097	0.0033	0.0096
Yaquina	0.0104	0.9437	0.0136	0.0120	0.0043	0.0160
Yaquina	0.0106	0.7685	0.0141	0.0181	0.1765	0.0121
Yaquina	0.0127	0.9353	0.0171	0.0139	0.0057	0.0153
Yaquina	0.0284	0.8762	0.0337	0.0274	0.0104	0.0238
Yaquina	0.0754	0.4094	0.1838	0.2118	0.0034	0.1162
Yaquina	0.0100	0.9563	0.0096	0.0101	0.0049	0.0091
Yaquina	0.0509	0.7733	0.0625	0.0697	0.0053	0.0383
Yaquina	0.0163	0.9233	0.0154	0.0166	0.0114	0.0170
Yaquina	0.0103	0.8988	0.0193	0.0204	0.0323	0.0189
Yaquina	0.0617	0.6571	0.0967	0.0907	0.0130	0.0807
Yaquina	0.0267	0.8653	0.0384	0.0401	0.0027	0.0267
Yaquina	0.1644	0.1533	0.2467	0.2176	0.0020	0.2160
Yaquina	0.0126	0.9051	0.0304	0.0264	0.0020	0.0234
Yaquina	0.0061	0.9587	0.0090	0.0094	0.0070	0.0097
Yaquina	0.0565	0.4698	0.1521	0.1906	0.0354	0.0956
Yaquina	0.0164	0.9205	0.0164	0.0216	0.0083	0.0167
Yaquina	0.0199	0.7338	0.0216	0.0310	0.1719	0.0219
Yaquina	0.0066	0.9711	0.0064	0.0060	0.0031	0.0067
Yaquina	0.0259	0.8876	0.0264	0.0287	0.0071	0.0243
Yaquina	0.2800	0.2719	0.1543	0.1726	0.0029	0.1184
Yaquina	0.0073	0.9636	0.0097	0.0101	0.0023	0.0070
Yaquina	0.0146	0.8146	0.0567	0.0800	0.0017	0.0324
Yaquina	0.0183	0.8845	0.0166	0.0173	0.0464	0.0169
Yaquina	0.0554	0.6414	0.0926	0.0856	0.0020	0.1230
Yaquina	0.0171	0.8001	0.0597	0.0864	0.0017	0.0349
Yaquina	0.0093	0.9621	0.0091	0.0077	0.0031	0.0086
Yaquina	0.0083	0.9465	0.0100	0.0097	0.0153	0.0101
Yaquina	0.0344	0.8807	0.0279	0.0320	0.0014	0.0236
Yaquina	0.0130	0.9561	0.0094	0.0091	0.0029	0.0094
Yaquina	0.0077	0.9613	0.0097	0.0101	0.0020	0.0091
Yaquina	0.1652	0.2809	0.1942	0.1826	0.0079	0.1693
Yaquina	0.0137	0.9268	0.0244	0.0186	0.0020	0.0144
Yaquina	0.0414	0.8273	0.0437	0.0400	0.0021	0.0454
Yaquina	0.0249	0.7783	0.0550	0.0552	0.0044	0.0823
Yaquina	0.0568	0.7213	0.0631	0.0746	0.0030	0.0811
Yaquina	0.0063	0.9603	0.0081	0.0116	0.0036	0.0101
Yaquina	0.1312	0.2376	0.1990	0.2189	0.0020	0.2113
Yaquina	0.0761	0.4114	0.1533	0.1864	0.0040	0.1687
Yaquina	0.3774	0.1595	0.1271	0.1468	0.0047	0.1845
Yaquina	0.0304	0.8297	0.0503	0.0419	0.0036	0.0441
Yaquina	0.0074	0.9599	0.0111	0.0090	0.0020	0.0106
Yaquina	0.0140	0.9240	0.0143	0.0139	0.0197	0.0141
Yaquina	0.1461	0.4771	0.1240	0.1327	0.0049	0.1153
Yaquina	0.0063	0.9723	0.0060	0.0053	0.0039	0.0063
Yaquina	0.0166	0.9274	0.0170	0.0157	0.0083	0.0150
Yaquina	0.0154	0.8746	0.0353	0.0413	0.0034	0.0300
Yaquina	0.1353	0.3186	0.1795	0.2166	0.0083	0.1417
Yaquina	0.0129	0.9306	0.0164	0.0143	0.0111	0.0147
Yaquina	0.0261	0.8944	0.0270	0.0233	0.0060	0.0231
Yaquina	0.0103	0.9474	0.0134	0.0146	0.0030	0.0113
Yaquina	0.0251	0.7974	0.0589	0.0577	0.0140	0.0469
Yaquina	0.0077	0.9661	0.0069	0.0074	0.0041	0.0077
Nehalem	0.0920	0.0234	0.3197	0.2330	0.0101	0.3217
Nehalem	0.1684	0.0043	0.2951	0.3499	0.0043	0.1780
Nehalem	0.1910	0.0067	0.2881	0.2788	0.0041	0.2313
Nehalem	0.1139	0.0499	0.2809	0.2867	0.0044	0.2643
Nehalem	0.1812	0.0272	0.2891	0.3033	0.0076	0.1917
Nehalem	0.3764	0.0101	0.2135	0.1995	0.0447	0.1557
Nehalem	0.5971	0.0096	0.0937	0.1123	0.0059	0.1815
Nehalem	0.6724	0.0183	0.0530	0.0934	0.0034	0.1596
Nehalem	0.3400	0.0393	0.2273	0.2142	0.0089	0.1704
Nehalem	0.5152	0.0069	0.1371	0.1303	0.0093	0.2012
Nehalem	0.1298	0.0161	0.3239	0.2751	0.0019	0.2532
Nehalem	0.0752	0.3012	0.2337	0.2183	0.0126	0.1591
Nehalem	0.2786	0.0833	0.2479	0.2143	0.0020	0.1739
Nehalem	0.1151	0.0111	0.3255	0.3250	0.0030	0.2203
Nehalem	0.5794	0.0490	0.1013	0.1196	0.0034	0.1472
Nehalem	0.3695	0.0161	0.2035	0.1890	0.0399	0.1820
Nehalem	0.3293	0.0060	0.1636	0.1711	0.0463	0.2837
Nehalem	0.3354	0.0487	0.2231	0.1887	0.0059	0.1982
Nehalem	0.1108	0.0280	0.3033	0.3549	0.0187	0.1843
Nehalem	0.4775	0.0104	0.1345	0.1704	0.0158	0.1913
Nehalem	0.1437	0.0347	0.2232	0.2283	0.0020	0.3681
Nehalem	0.3047	0.0247	0.2266	0.2514	0.0064	0.1861
Nehalem	0.2013	0.1040	0.2435	0.2681	0.0204	0.1626
Nehalem	0.2904	0.0601	0.1846	0.2090	0.0060	0.2499
Nehalem	0.1263	0.0209	0.2911	0.3083	0.0044	0.2490
Nehalem	0.4769	0.0091	0.1426	0.1870	0.0030	0.1814
Nehalem	0.2798	0.0044	0.2163	0.2467	0.0121	0.2406
Nehalem	0.1248	0.2845	0.2393	0.2000	0.0207	0.1307
Nehalem	0.1477	0.0346	0.2844	0.3177	0.0100	0.2056
Nehalem	0.2183	0.0077	0.2343	0.2843	0.0079	0.2475
Nehalem	0.2185	0.0166	0.2955	0.2452	0.0014	0.2228
Nehalem	0.2261	0.0250	0.2970	0.2213	0.0100	0.2206
Nehalem	0.4200	0.0259	0.1825	0.2129	0.0051	0.1536
Nehalem	0.2618	0.0293	0.2170	0.2809	0.0039	0.2071
Nehalem	0.2153	0.0159	0.2988	0.2717	0.0026	0.1958
Nehalem	0.3259	0.0183	0.2156	0.2499	0.0069	0.1835
Nehalem	0.0963	0.0310	0.3022	0.2538	0.0083	0.3085
Nehalem	0.4087	0.0057	0.1830	0.2013	0.0026	0.1987
Nehalem	0.0896	0.4461	0.1349	0.1489	0.0511	0.1294
Nehalem	0.1059	0.0146	0.3720	0.2759	0.0039	0.2278
Nehalem	0.4016	0.0186	0.1773	0.2236	0.0077	0.1712
Nehalem	0.3363	0.0901	0.2071	0.2001	0.0024	0.1640
Nehalem	0.4718	0.0196	0.1542	0.1666	0.0019	0.1860
Nehalem	0.1375	0.0154	0.3188	0.2807	0.0037	0.2439
Nehalem	0.1481	0.0433	0.3115	0.3113	0.0089	0.1769
Nehalem	0.4323	0.0133	0.1891	0.1849	0.0057	0.1746
Nehalem	0.0010	0.0010	0.0010	0.0010	0.9950	0.0010
Nehalem	0.2318	0.0116	0.2795	0.2855	0.0069	0.1847
Nehalem	0.2457	0.0207	0.2537	0.2258	0.0087	0.2454
Netarts	0.0011	0.0010	0.0010	0.0010	0.9949	0.0010
Netarts	0.4471	0.0117	0.1614	0.2090	0.0089	0.1620
Netarts	0.0937	0.0291	0.1055	0.1529	0.5351	0.0837
Netarts	0.2689	0.0171	0.2354	0.2944	0.0021	0.1820
Netarts	0.1984	0.0544	0.2445	0.2919	0.0024	0.2084
Netarts	0.1824	0.0117	0.2492	0.2996	0.0020	0.2552
Netarts	0.1256	0.4017	0.1739	0.1802	0.0046	0.1140
Netarts	0.2230	0.0319	0.2219	0.2797	0.0024	0.2411
Netarts	0.2479	0.0146	0.1712	0.2266	0.0019	0.3379
Netarts	0.5096	0.0070	0.1413	0.1660	0.0064	0.1697
Netarts	0.1171	0.0044	0.2791	0.2571	0.0039	0.3385
Netarts	0.3429	0.0069	0.1921	0.2523	0.0020	0.2039
Netarts	0.1695	0.0180	0.2719	0.3458	0.0101	0.1847
Siletz	0.0316	0.8832	0.0274	0.0257	0.0091	0.0229
Siletz	0.5004	0.0116	0.1176	0.1489	0.0020	0.2196
Siletz	0.0236	0.8632	0.0314	0.0326	0.0136	0.0357
Tillamook	0.1956	0.0099	0.2336	0.2953	0.0030	0.2625
Tillamook	0.1353	0.0040	0.2615	0.2556	0.0047	0.3389
Tillamook	0.2240	0.0066	0.2814	0.2915	0.0041	0.1924
Tillamook	0.1254	0.0056	0.3537	0.3225	0.0059	0.1869
Tillamook	0.5915	0.0101	0.1107	0.1167	0.0036	0.1673
Tillamook	0.0680	0.0114	0.3857	0.2824	0.0031	0.2493
Tillamook	0.3797	0.0179	0.2156	0.1994	0.0074	0.1800
Tillamook	0.0834	0.0193	0.3645	0.2982	0.0040	0.2306
Tillamook	0.0823	0.0264	0.3679	0.3086	0.0023	0.2125
Tillamook	0.2016	0.0334	0.2523	0.2802	0.0266	0.2060
Tillamook	0.0822	0.0783	0.3382	0.3004	0.0020	0.1990
Tillamook	0.1386	0.0323	0.2814	0.3114	0.0017	0.2346
Tillamook	0.1737	0.0183	0.2871	0.2798	0.0046	0.2366
Tillamook	0.1052	0.0174	0.3278	0.2919	0.0051	0.2525
Tillamook	0.1104	0.0413	0.3218	0.3061	0.0043	0.2161
Tillamook	0.6677	0.0056	0.0866	0.0717	0.0010	0.1674
Tillamook	0.4519	0.0420	0.1473	0.1522	0.0104	0.1961
Tillamook	0.6672	0.0047	0.0854	0.0730	0.0010	0.1687
Tillamook	0.5417	0.0109	0.1337	0.1240	0.0017	0.1881
Tillamook	0.3604	0.0074	0.2164	0.1973	0.0317	0.1867
Tillamook	0.3679	0.0127	0.2085	0.2179	0.0093	0.1837
Tillamook	0.1189	0.0090	0.3413	0.2673	0.0091	0.2544
Tillamook	0.1017	0.0177	0.3466	0.2892	0.0069	0.2380
Tillamook	0.1200	0.0217	0.3255	0.2675	0.0039	0.2615
Tillamook	0.3204	0.0099	0.2092	0.2544	0.0026	0.2035
Tillamook	0.2471	0.0057	0.1995	0.2741	0.0046	0.2691
Tillamook	0.2197	0.0167	0.2546	0.2197	0.0017	0.2876
Tillamook	0.2715	0.0339	0.2490	0.2532	0.0059	0.1865
Tillamook	0.0980	0.0853	0.2658	0.2551	0.0016	0.2943
Tillamook	0.1090	0.0189	0.2762	0.3176	0.0036	0.2748
Tillamook	0.1613	0.0330	0.2266	0.2712	0.0029	0.3051
Tillamook	0.1028	0.0140	0.2866	0.2788	0.0044	0.3133
Tillamook	0.1103	0.0151	0.2871	0.2732	0.0026	0.3118
Tillamook	0.5744	0.0047	0.1129	0.1567	0.0017	0.1496
Tillamook	0.1133	0.0121	0.3575	0.2851	0.0029	0.2292
Tillamook	0.2518	0.0163	0.2230	0.2074	0.0030	0.2984
Tillamook	0.6278	0.0079	0.0494	0.0787	0.0109	0.2254
Tillamook	0.6301	0.0066	0.0467	0.0792	0.0100	0.2275
Tillamook	0.1985	0.0189	0.2306	0.2614	0.0219	0.2688
Tillamook	0.5232	0.0109	0.1124	0.1450	0.0217	0.1868
Tillamook	0.1324	0.0347	0.2701	0.2478	0.0067	0.3083
Tillamook	0.2778	0.0269	0.2225	0.2372	0.0033	0.2323
Tillamook	0.1629	0.0133	0.2543	0.2604	0.0083	0.3008
Tillamook	0.4064	0.0570	0.1745	0.1993	0.0076	0.1552
Tillamook	0.2840	0.0139	0.2403	0.2694	0.0033	0.1891
Tillamook	0.2142	0.0211	0.2626	0.3009	0.0070	0.1941
Tillamook	0.1479	0.0280	0.3208	0.2947	0.0020	0.2066
Tillamook	0.2717	0.0111	0.2417	0.2720	0.0037	0.1997
Tillamook	0.2316	0.0180	0.2776	0.2915	0.0047	0.1765
Tillamook	0.1283	0.0826	0.2671	0.2528	0.0016	0.2677
Tillamook	0.0654	0.6458	0.0787	0.1099	0.0129	0.0873
Tillamook	0.1457	0.0121	0.2915	0.3159	0.0187	0.2160
Tillamook	0.1804	0.0066	0.3125	0.3030	0.0027	0.1948
Tillamook	0.1049	0.0163	0.3177	0.2800	0.0027	0.2785
Tillamook	0.6186	0.0043	0.1082	0.1159	0.0021	0.1508
Tillamook	0.5184	0.0163	0.1145	0.1637	0.0063	0.1808
Tillamook	0.1311	0.0381	0.2840	0.3563	0.0029	0.1876
Tillamook	0.1025	0.0077	0.3409	0.2828	0.0071	0.2590
Tillamook	0.5111	0.0174	0.1367	0.1616	0.0076	0.1656
Tillamook	0.3936	0.0474	0.1086	0.1226	0.1670	0.1609
Tillamook	0.1887	0.1114	0.2285	0.2009	0.0063	0.2642
Tillamook	0.1508	0.0243	0.2702	0.3648	0.0076	0.1823
Tillamook	0.2452	0.0214	0.2728	0.2323	0.0026	0.2256
Tillamook	0.1748	0.0061	0.3137	0.3081	0.0021	0.1951
Tillamook	0.0543	0.2822	0.2546	0.2412	0.0029	0.1648
Tillamook	0.1602	0.0119	0.3495	0.2514	0.0100	0.2171
Tillamook	0.1549	0.0423	0.2869	0.2379	0.0079	0.2703
Tillamook	0.2588	0.0383	0.2521	0.2089	0.0036	0.2383
Tillamook	0.0411	0.0211	0.3612	0.2597	0.0073	0.3095
Tillamook	0.3406	0.0154	0.1917	0.1518	0.0021	0.2983
Tillamook	0.1010	0.0606	0.2977	0.2379	0.0054	0.2974
Tillamook	0.1360	0.0249	0.2657	0.2835	0.0051	0.2848
Tillamook	0.1547	0.0060	0.2449	0.2533	0.0091	0.3320
Tillamook	0.0483	0.0076	0.3761	0.2600	0.0047	0.3033
Tillamook	0.0454	0.0151	0.3675	0.2506	0.0109	0.3105
Tillamook	0.1205	0.0086	0.2207	0.1867	0.0071	0.4564
Tillamook	0.1314	0.0486	0.2627	0.2158	0.0027	0.3388
Tillamook	0.1088	0.0183	0.3328	0.3343	0.0019	0.2040
Tillamook	0.2712	0.0190	0.2632	0.2477	0.0036	0.1953
Tillamook	0.2374	0.0127	0.2791	0.2802	0.0050	0.1856
Tillamook	0.1291	0.0970	0.2502	0.2318	0.0100	0.2819
Tillamook	0.1395	0.0103	0.3253	0.3157	0.0057	0.2035
Tillamook	0.1356	0.0071	0.3129	0.3487	0.0054	0.1903
Tillamook	0.1587	0.0110	0.2889	0.2763	0.0043	0.2608
Tillamook	0.1525	0.0676	0.2428	0.1978	0.0163	0.3230
Tillamook	0.0517	0.0253	0.3496	0.2623	0.0050	0.3062
Tillamook	0.1258	0.0101	0.2615	0.2257	0.0040	0.3729
Tillamook	0.2573	0.0321	0.2634	0.2674	0.0083	0.1716
Tillamook	0.1051	0.0071	0.2142	0.1439	0.0043	0.5253
Tillamook	0.1014	0.0109	0.2074	0.1507	0.0066	0.5230
Tillamook	0.1340	0.0523	0.2736	0.2623	0.0163	0.2616
Yaquina	0.0221	0.8820	0.0316	0.0347	0.0043	0.0253
Yaquina	0.0064	0.9741	0.0057	0.0057	0.0019	0.0061
Yaquina	0.0137	0.9077	0.0186	0.0210	0.0143	0.0247
Yaquina	0.0480	0.7986	0.0552	0.0506	0.0037	0.0439
Yaquina	0.0173	0.8964	0.0279	0.0344	0.0027	0.0213
Yaquina	0.0066	0.9720	0.0059	0.0063	0.0034	0.0059
Yaquina	0.0628	0.5731	0.1030	0.1077	0.0064	0.1470
Yaquina	0.0039	0.9851	0.0031	0.0034	0.0014	0.0030
Yaquina	0.0497	0.7743	0.0563	0.0663	0.0014	0.0520
