%!PS-Adobe-3.0 EPSF-3.0 
% Graphical display of results from structure
% distruct by Noah Rosenberg, version 1.0 Nov 2002 
%                             version 1.1 Jun 2007 
% Command line arguments: distruct/distruct1.1 -K 6 -M 6 -N 227 -p 1627337762/pop -i 1627337762/ind -o 1627337762/out.ps -b 1627337762/labels -c 1627337762/perm -d 1627337762/drawparams 
gsave

% Population Q values from the file: 1627337762/pop
% 6 clusters, 6 populations, 0 individuals
% Pop. code, number of individuals, membership coefficients
% 1	3	0.348	0.011	0.092	0.271	0.238	0.04	
% 2	68	0.057	0.011	0.044	0.051	0.049	0.788	
% 3	49	0.235	0.03	0.242	0.218	0.233	0.041	
% 4	13	0.179	0.121	0.278	0.158	0.214	0.05	
% 5	3	0.059	0.009	0.211	0.043	0.094	0.584	
% 6	91	0.244	0.008	0.214	0.263	0.239	0.032	


% Individual Q values from the file: 1627337762/ind
% Population code, individual label, membership coefficients
% 1	1	0.1011	0.005	0.3085	0.3255	0.0213	0.2385	
% 1	2	0.1043	0.0786	0.3158	0.2965	0.0027	0.2021	
% 1	3	0.0932	0.0287	0.3089	0.2826	0.008	0.2787	
% 2	4	0.0361	0.7502	0.0751	0.0626	0.0023	0.0737	
% 2	5	0.1266	0.0083	0.3021	0.319	0.0049	0.2391	
% 2	6	0.038	0.7265	0.0881	0.0667	0.0093	0.0714	
% 2	7	0.0131	0.9264	0.0201	0.0184	0.0047	0.0171	
% 2	8	0.0047	0.9728	0.0063	0.0059	0.0053	0.005	
% 2	9	0.0369	0.8242	0.0446	0.0547	0.002	0.0376	
% 2	10	0.007	0.962	0.0084	0.0097	0.0033	0.0096	
% 2	11	0.0104	0.9437	0.0136	0.012	0.0043	0.016	
% 2	12	0.0106	0.7685	0.0141	0.0181	0.1765	0.0121	
% 2	13	0.0127	0.9353	0.0171	0.0139	0.0057	0.0153	
% 2	14	0.0284	0.8762	0.0337	0.0274	0.0104	0.0238	
% 2	15	0.0754	0.4094	0.1838	0.2118	0.0034	0.1162	
% 2	16	0.01	0.9563	0.0096	0.0101	0.0049	0.0091	
% 2	17	0.0509	0.7733	0.0625	0.0697	0.0053	0.0383	
% 2	18	0.0163	0.9233	0.0154	0.0166	0.0114	0.017	
% 2	19	0.0103	0.8988	0.0193	0.0204	0.0323	0.0189	
% 2	20	0.0617	0.6571	0.0967	0.0907	0.013	0.0807	
% 2	21	0.0267	0.8653	0.0384	0.0401	0.0027	0.0267	
% 2	22	0.1644	0.1533	0.2467	0.2176	0.002	0.216	
% 2	23	0.0126	0.9051	0.0304	0.0264	0.002	0.0234	
% 2	24	0.0061	0.9587	0.009	0.0094	0.007	0.0097	
% 2	25	0.0565	0.4698	0.1521	0.1906	0.0354	0.0956	
% 2	26	0.0164	0.9205	0.0164	0.0216	0.0083	0.0167	
% 2	27	0.0199	0.7338	0.0216	0.031	0.1719	0.0219	
% 2	28	0.0066	0.9711	0.0064	0.006	0.0031	0.0067	
% 2	29	0.0259	0.8876	0.0264	0.0287	0.0071	0.0243	
% 2	30	0.28	0.2719	0.1543	0.1726	0.0029	0.1184	
% 2	31	0.0073	0.9636	0.0097	0.0101	0.0023	0.007	
% 2	32	0.0146	0.8146	0.0567	0.08	0.0017	0.0324	
% 2	33	0.0183	0.8845	0.0166	0.0173	0.0464	0.0169	
% 2	34	0.0554	0.6414	0.0926	0.0856	0.002	0.123	
% 2	35	0.0171	0.8001	0.0597	0.0864	0.0017	0.0349	
% 2	36	0.0093	0.9621	0.0091	0.0077	0.0031	0.0086	
% 2	37	0.0083	0.9465	0.01	0.0097	0.0153	0.0101	
% 2	38	0.0344	0.8807	0.0279	0.032	0.0014	0.0236	
% 2	39	0.013	0.9561	0.0094	0.0091	0.0029	0.0094	
% 2	40	0.0077	0.9613	0.0097	0.0101	0.002	0.0091	
% 2	41	0.1652	0.2809	0.1942	0.1826	0.0079	0.1693	
% 2	42	0.0137	0.9268	0.0244	0.0186	0.002	0.0144	
% 2	43	0.0414	0.8273	0.0437	0.04	0.0021	0.0454	
% 2	44	0.0249	0.7783	0.055	0.0552	0.0044	0.0823	
% 2	45	0.0568	0.7213	0.0631	0.0746	0.003	0.0811	
% 2	46	0.0063	0.9603	0.0081	0.0116	0.0036	0.0101	
% 2	47	0.1312	0.2376	0.199	0.2189	0.002	0.2113	
% 2	48	0.0761	0.4114	0.1533	0.1864	0.004	0.1687	
% 2	49	0.3774	0.1595	0.1271	0.1468	0.0047	0.1845	
% 2	50	0.0304	0.8297	0.0503	0.0419	0.0036	0.0441	
% 2	51	0.0074	0.9599	0.0111	0.009	0.002	0.0106	
% 2	52	0.014	0.924	0.0143	0.0139	0.0197	0.0141	
% 2	53	0.1461	0.4771	0.124	0.1327	0.0049	0.1153	
% 2	54	0.0063	0.9723	0.006	0.0053	0.0039	0.0063	
% 2	55	0.0166	0.9274	0.017	0.0157	0.0083	0.015	
% 2	56	0.0154	0.8746	0.0353	0.0413	0.0034	0.03	
% 2	57	0.1353	0.3186	0.1795	0.2166	0.0083	0.1417	
% 2	58	0.0129	0.9306	0.0164	0.0143	0.0111	0.0147	
% 2	59	0.0261	0.8944	0.027	0.0233	0.006	0.0231	
% 2	60	0.0103	0.9474	0.0134	0.0146	0.003	0.0113	
% 2	61	0.0251	0.7974	0.0589	0.0577	0.014	0.0469	
% 2	62	0.0077	0.9661	0.0069	0.0074	0.0041	0.0077	
% 3	63	0.092	0.0234	0.3197	0.233	0.0101	0.3217	
% 3	64	0.1684	0.0043	0.2951	0.3499	0.0043	0.178	
% 3	65	0.191	0.0067	0.2881	0.2788	0.0041	0.2313	
% 3	66	0.1139	0.0499	0.2809	0.2867	0.0044	0.2643	
% 3	67	0.1812	0.0272	0.2891	0.3033	0.0076	0.1917	
% 3	68	0.3764	0.0101	0.2135	0.1995	0.0447	0.1557	
% 3	69	0.5971	0.0096	0.0937	0.1123	0.0059	0.1815	
% 3	70	0.6724	0.0183	0.053	0.0934	0.0034	0.1596	
% 3	71	0.34	0.0393	0.2273	0.2142	0.0089	0.1704	
% 3	72	0.5152	0.0069	0.1371	0.1303	0.0093	0.2012	
% 3	73	0.1298	0.0161	0.3239	0.2751	0.0019	0.2532	
% 3	74	0.0752	0.3012	0.2337	0.2183	0.0126	0.1591	
% 3	75	0.2786	0.0833	0.2479	0.2143	0.002	0.1739	
% 3	76	0.1151	0.0111	0.3255	0.325	0.003	0.2203	
% 3	77	0.5794	0.049	0.1013	0.1196	0.0034	0.1472	
% 3	78	0.3695	0.0161	0.2035	0.189	0.0399	0.182	
% 3	79	0.3293	0.006	0.1636	0.1711	0.0463	0.2837	
% 3	80	0.3354	0.0487	0.2231	0.1887	0.0059	0.1982	
% 3	81	0.1108	0.028	0.3033	0.3549	0.0187	0.1843	
% 3	82	0.4775	0.0104	0.1345	0.1704	0.0158	0.1913	
% 3	83	0.1437	0.0347	0.2232	0.2283	0.002	0.3681	
% 3	84	0.3047	0.0247	0.2266	0.2514	0.0064	0.1861	
% 3	85	0.2013	0.104	0.2435	0.2681	0.0204	0.1626	
% 3	86	0.2904	0.0601	0.1846	0.209	0.006	0.2499	
% 3	87	0.1263	0.0209	0.2911	0.3083	0.0044	0.249	
% 3	88	0.4769	0.0091	0.1426	0.187	0.003	0.1814	
% 3	89	0.2798	0.0044	0.2163	0.2467	0.0121	0.2406	
% 3	90	0.1248	0.2845	0.2393	0.2	0.0207	0.1307	
% 3	91	0.1477	0.0346	0.2844	0.3177	0.01	0.2056	
% 3	92	0.2183	0.0077	0.2343	0.2843	0.0079	0.2475	
% 3	93	0.2185	0.0166	0.2955	0.2452	0.0014	0.2228	
% 3	94	0.2261	0.025	0.297	0.2213	0.01	0.2206	
% 3	95	0.42	0.0259	0.1825	0.2129	0.0051	0.1536	
% 3	96	0.2618	0.0293	0.217	0.2809	0.0039	0.2071	
% 3	97	0.2153	0.0159	0.2988	0.2717	0.0026	0.1958	
% 3	98	0.3259	0.0183	0.2156	0.2499	0.0069	0.1835	
% 3	99	0.0963	0.031	0.3022	0.2538	0.0083	0.3085	
% 3	100	0.4087	0.0057	0.183	0.2013	0.0026	0.1987	
% 3	101	0.0896	0.4461	0.1349	0.1489	0.0511	0.1294	
% 3	102	0.1059	0.0146	0.372	0.2759	0.0039	0.2278	
% 3	103	0.4016	0.0186	0.1773	0.2236	0.0077	0.1712	
% 3	104	0.3363	0.0901	0.2071	0.2001	0.0024	0.164	
% 3	105	0.4718	0.0196	0.1542	0.1666	0.0019	0.186	
% 3	106	0.1375	0.0154	0.3188	0.2807	0.0037	0.2439	
% 3	107	0.1481	0.0433	0.3115	0.3113	0.0089	0.1769	
% 3	108	0.4323	0.0133	0.1891	0.1849	0.0057	0.1746	
% 3	109	0.001	0.001	0.001	0.001	0.995	0.001	
% 3	110	0.2318	0.0116	0.2795	0.2855	0.0069	0.1847	
% 3	111	0.2457	0.0207	0.2537	0.2258	0.0087	0.2454	
% 4	112	0.0011	0.001	0.001	0.001	0.9949	0.001	
% 4	113	0.4471	0.0117	0.1614	0.209	0.0089	0.162	
% 4	114	0.0937	0.0291	0.1055	0.1529	0.5351	0.0837	
% 4	115	0.2689	0.0171	0.2354	0.2944	0.0021	0.182	
% 4	116	0.1984	0.0544	0.2445	0.2919	0.0024	0.2084	
% 4	117	0.1824	0.0117	0.2492	0.2996	0.002	0.2552	
% 4	118	0.1256	0.4017	0.1739	0.1802	0.0046	0.114	
% 4	119	0.223	0.0319	0.2219	0.2797	0.0024	0.2411	
% 4	120	0.2479	0.0146	0.1712	0.2266	0.0019	0.3379	
% 4	121	0.5096	0.007	0.1413	0.166	0.0064	0.1697	
% 4	122	0.1171	0.0044	0.2791	0.2571	0.0039	0.3385	
% 4	123	0.3429	0.0069	0.1921	0.2523	0.002	0.2039	
% 4	124	0.1695	0.018	0.2719	0.3458	0.0101	0.1847	
% 5	125	0.0316	0.8832	0.0274	0.0257	0.0091	0.0229	
% 5	126	0.5004	0.0116	0.1176	0.1489	0.002	0.2196	
% 5	127	0.0236	0.8632	0.0314	0.0326	0.0136	0.0357	
% 6	128	0.1956	0.0099	0.2336	0.2953	0.003	0.2625	
% 6	129	0.1353	0.004	0.2615	0.2556	0.0047	0.3389	
% 6	130	0.224	0.0066	0.2814	0.2915	0.0041	0.1924	
% 6	131	0.1254	0.0056	0.3537	0.3225	0.0059	0.1869	
% 6	132	0.5915	0.0101	0.1107	0.1167	0.0036	0.1673	
% 6	133	0.068	0.0114	0.3857	0.2824	0.0031	0.2493	
% 6	134	0.3797	0.0179	0.2156	0.1994	0.0074	0.18	
% 6	135	0.0834	0.0193	0.3645	0.2982	0.004	0.2306	
% 6	136	0.0823	0.0264	0.3679	0.3086	0.0023	0.2125	
% 6	137	0.2016	0.0334	0.2523	0.2802	0.0266	0.206	
% 6	138	0.0822	0.0783	0.3382	0.3004	0.002	0.199	
% 6	139	0.1386	0.0323	0.2814	0.3114	0.0017	0.2346	
% 6	140	0.1737	0.0183	0.2871	0.2798	0.0046	0.2366	
% 6	141	0.1052	0.0174	0.3278	0.2919	0.0051	0.2525	
% 6	142	0.1104	0.0413	0.3218	0.3061	0.0043	0.2161	
% 6	143	0.6677	0.0056	0.0866	0.0717	0.001	0.1674	
% 6	144	0.4519	0.042	0.1473	0.1522	0.0104	0.1961	
% 6	145	0.6672	0.0047	0.0854	0.073	0.001	0.1687	
% 6	146	0.5417	0.0109	0.1337	0.124	0.0017	0.1881	
% 6	147	0.3604	0.0074	0.2164	0.1973	0.0317	0.1867	
% 6	148	0.3679	0.0127	0.2085	0.2179	0.0093	0.1837	
% 6	149	0.1189	0.009	0.3413	0.2673	0.0091	0.2544	
% 6	150	0.1017	0.0177	0.3466	0.2892	0.0069	0.238	
% 6	151	0.12	0.0217	0.3255	0.2675	0.0039	0.2615	
% 6	152	0.3204	0.0099	0.2092	0.2544	0.0026	0.2035	
% 6	153	0.2471	0.0057	0.1995	0.2741	0.0046	0.2691	
% 6	154	0.2197	0.0167	0.2546	0.2197	0.0017	0.2876	
% 6	155	0.2715	0.0339	0.249	0.2532	0.0059	0.1865	
% 6	156	0.098	0.0853	0.2658	0.2551	0.0016	0.2943	
% 6	157	0.109	0.0189	0.2762	0.3176	0.0036	0.2748	
% 6	158	0.1613	0.033	0.2266	0.2712	0.0029	0.3051	
% 6	159	0.1028	0.014	0.2866	0.2788	0.0044	0.3133	
% 6	160	0.1103	0.0151	0.2871	0.2732	0.0026	0.3118	
% 6	161	0.5744	0.0047	0.1129	0.1567	0.0017	0.1496	
% 6	162	0.1133	0.0121	0.3575	0.2851	0.0029	0.2292	
% 6	163	0.2518	0.0163	0.223	0.2074	0.003	0.2984	
% 6	164	0.6278	0.0079	0.0494	0.0787	0.0109	0.2254	
% 6	165	0.6301	0.0066	0.0467	0.0792	0.01	0.2275	
% 6	166	0.1985	0.0189	0.2306	0.2614	0.0219	0.2688	
% 6	167	0.5232	0.0109	0.1124	0.145	0.0217	0.1868	
% 6	168	0.1324	0.0347	0.2701	0.2478	0.0067	0.3083	
% 6	169	0.2778	0.0269	0.2225	0.2372	0.0033	0.2323	
% 6	170	0.1629	0.0133	0.2543	0.2604	0.0083	0.3008	
% 6	171	0.4064	0.057	0.1745	0.1993	0.0076	0.1552	
% 6	172	0.284	0.0139	0.2403	0.2694	0.0033	0.1891	
% 6	173	0.2142	0.0211	0.2626	0.3009	0.007	0.1941	
% 6	174	0.1479	0.028	0.3208	0.2947	0.002	0.2066	
% 6	175	0.2717	0.0111	0.2417	0.272	0.0037	0.1997	
% 6	176	0.2316	0.018	0.2776	0.2915	0.0047	0.1765	
% 6	177	0.1283	0.0826	0.2671	0.2528	0.0016	0.2677	
% 6	178	0.0654	0.6458	0.0787	0.1099	0.0129	0.0873	
% 6	179	0.1457	0.0121	0.2915	0.3159	0.0187	0.216	
% 6	180	0.1804	0.0066	0.3125	0.303	0.0027	0.1948	
% 6	181	0.1049	0.0163	0.3177	0.28	0.0027	0.2785	
% 6	182	0.6186	0.0043	0.1082	0.1159	0.0021	0.1508	
% 6	183	0.5184	0.0163	0.1145	0.1637	0.0063	0.1808	
% 6	184	0.1311	0.0381	0.284	0.3563	0.0029	0.1876	
% 6	185	0.1025	0.0077	0.3409	0.2828	0.0071	0.259	
% 6	186	0.5111	0.0174	0.1367	0.1616	0.0076	0.1656	
% 6	187	0.3936	0.0474	0.1086	0.1226	0.167	0.1609	
% 6	188	0.1887	0.1114	0.2285	0.2009	0.0063	0.2642	
% 6	189	0.1508	0.0243	0.2702	0.3648	0.0076	0.1823	
% 6	190	0.2452	0.0214	0.2728	0.2323	0.0026	0.2256	
% 6	191	0.1748	0.0061	0.3137	0.3081	0.0021	0.1951	
% 6	192	0.0543	0.2822	0.2546	0.2412	0.0029	0.1648	
% 6	193	0.1602	0.0119	0.3495	0.2514	0.01	0.2171	
% 6	194	0.1549	0.0423	0.2869	0.2379	0.0079	0.2703	
% 6	195	0.2588	0.0383	0.2521	0.2089	0.0036	0.2383	
% 6	196	0.0411	0.0211	0.3612	0.2597	0.0073	0.3095	
% 6	197	0.3406	0.0154	0.1917	0.1518	0.0021	0.2983	
% 6	198	0.101	0.0606	0.2977	0.2379	0.0054	0.2974	
% 6	199	0.136	0.0249	0.2657	0.2835	0.0051	0.2848	
% 6	200	0.1547	0.006	0.2449	0.2533	0.0091	0.332	
% 6	201	0.0483	0.0076	0.3761	0.26	0.0047	0.3033	
% 6	202	0.0454	0.0151	0.3675	0.2506	0.0109	0.3105	
% 6	203	0.1205	0.0086	0.2207	0.1867	0.0071	0.4564	
% 6	204	0.1314	0.0486	0.2627	0.2158	0.0027	0.3388	
% 6	205	0.1088	0.0183	0.3328	0.3343	0.0019	0.204	
% 6	206	0.2712	0.019	0.2632	0.2477	0.0036	0.1953	
% 6	207	0.2374	0.0127	0.2791	0.2802	0.005	0.1856	
% 6	208	0.1291	0.097	0.2502	0.2318	0.01	0.2819	
% 6	209	0.1395	0.0103	0.3253	0.3157	0.0057	0.2035	
% 6	210	0.1356	0.0071	0.3129	0.3487	0.0054	0.1903	
% 6	211	0.1587	0.011	0.2889	0.2763	0.0043	0.2608	
% 6	212	0.1525	0.0676	0.2428	0.1978	0.0163	0.323	
% 6	213	0.0517	0.0253	0.3496	0.2623	0.005	0.3062	
% 6	214	0.1258	0.0101	0.2615	0.2257	0.004	0.3729	
% 6	215	0.2573	0.0321	0.2634	0.2674	0.0083	0.1716	
% 6	216	0.1051	0.0071	0.2142	0.1439	0.0043	0.5253	
% 6	217	0.1014	0.0109	0.2074	0.1507	0.0066	0.523	
% 6	218	0.134	0.0523	0.2736	0.2623	0.0163	0.2616	
% 2	219	0.0221	0.882	0.0316	0.0347	0.0043	0.0253	
% 2	220	0.0064	0.9741	0.0057	0.0057	0.0019	0.0061	
% 2	221	0.0137	0.9077	0.0186	0.021	0.0143	0.0247	
% 2	222	0.048	0.7986	0.0552	0.0506	0.0037	0.0439	
% 2	223	0.0173	0.8964	0.0279	0.0344	0.0027	0.0213	
% 2	224	0.0066	0.972	0.0059	0.0063	0.0034	0.0059	
% 2	225	0.0628	0.5731	0.103	0.1077	0.0064	0.147	
% 2	226	0.0039	0.9851	0.0031	0.0034	0.0014	0.003	
% 2	227	0.0497	0.7743	0.0563	0.0663	0.0014	0.052	


% PARAMETERS
72 500 translate 
1 1 scale
0 rotate
/setrim {3 setlinewidth} def 
/setsep {0.3 setlinewidth} def 
/setind {0.3 setlinewidth} def 
/fh {6} def    	% Font height 
/da {5} def    	% Distance above box at which to print names 
/db {-7} def    	% Distance below box at which to print names 
/bh {50} def    	% Height of the box 
/wi {2.06167} def    	% Width of an individual 
/aato {60} def  	% Angle at which to print text atop box 
/abel {60} def  	% Angle at which to print text below box 
/tot {227} def   	% Total number of individuals 
/Helvetica-Bold findfont fh scalefont setfont 

% ABBREVIATED COMMANDS
/M {moveto} def
/R {rmoveto} def
/L {lineto} def
/V {rlineto} def
/Cfs {closepath fill stroke} def
/rotshow {
  dup dup stringwidth pop abel cos mul neg exch 
  stringwidth pop abel sin mul neg R
  gsave abel rotate show grestore
} def
/bhm {bh mul} def 	% Multiply by height of the box 
/nwi {wi neg} def   	% Negative width of an individual 
/wm {wi mul} def 	% Multiply by width of an individual 
/ru {bhm M wi 0 V 0} def   	% Right-upwards box motion 
/ld {bhm V nwi 0 V Cfs} def	% Left-downwards box closure motion
/bbm {-.3 add 2 div add wm fh 2 div add db M} def       	% Below-box motion
/abm {-.3 add 2 div add wm fh 2 div add bh da add M} def	% Above-box motion
/sc {setrgbcolor} def

% COLORS
/c0 {0.0 0.0 0.0 sc} def    % black 
/c1 {2.1 0.6 0.3 sc} def    % orange 
/c2 {0 0.6 0.9 sc} def      % blue   
/c3 {.9 2.1 0 sc} def       % yellow 
/c4 {1.5 0.6 0.9 sc} def    % pink   
/c5 {.2 .6 .2 sc} def       % green  
/c6 {.5 0 .5 sc} def        % purple 
/c7 {1.2 0.0 0.3 sc} def    % red     
/c8 {0 1 0 sc} def          % light_green 
/c9 {0 0 1 sc} def          % dark_blue 
/c10 {1.2 0 1.8 sc} def     % light_purple 
/c11 {1.5 0.9 0.6 sc} def   % light_yellow 
/c12 {0.7 0.3 0.0 sc} def   % brown 
/c13 {0 1.2 1.8 sc} def     % light_blue 
/c14 {0.5 0.5 0.0 sc} def   % olive_green 
/c15 {1.8 0.6 0.6 sc} def   % peach 
/c16 {0 0.5 0.5 sc} def     % sea_green 
/c17 {.6 .75 .15 sc} def    % yellow_green 
/c18 {0.45 .15 .9 sc} def   % blue_purple  
/c19 {0.15 0.75 0.6 sc} def % blue_green 
/c20 {0.5 setgray} def      % gray 
/c21 {0.05 0.4 0.05 sc} def % dark_green 
/c22 {0.75 setgray} def     % light_gray 
/c23 {1 0 0 sc} def         % red2 
/c24 {0.6 0.9 1.5 sc} def   % light_blue2 
/c25 {1 0.6 0.4 sc} def     % light_orange 
/c26 {0.25 setgray} def     % dark_gray 
/c27 {1.2 0.9 0.9 sc} def   % light_pink 
/c28 {.6 .2 .2 sc} def      % dark_brown 
/c29 {1.6 0.4 0 sc} def     % dark_orange 
/c30 {0.2 0 0.3 sc} def     % dark_purple 
/c31 {1 setgray} def        % white 
/c32 {2.7 .3 0 sc} def      % color32 
/c33 {2.4 .6 0 sc} def      % color33 
/c34 {2.1 .3 .6 sc} def     % color34 
/c35 {1.5 .6 .9 sc} def     % color35 
/c36 {1.2 1.2 .6 sc} def    % color36 
/c37 {1.2 1.2 .9 sc} def    % color37 
/c38 {1.2 .9 .9 sc} def     % color38 
/c39 {.9 1.8 .3 sc} def     % color39 
/c40 {.9 .9 1.2 sc} def     % color40 
/c41 {.9 .6 1.5 sc} def     % color41 
/c42 {.6 2.1 .3 sc} def     % color42 
/c43 {.6 1.8 .6 sc} def     % color43 
/c44 {.6 1.5 .9 sc} def     % color44 
/c45 {.6 1.2 1.2 sc} def    % color45 
/c46 {.6 .9 1.5 sc} def     % color46 
/c47 {.6 .6 1.8 sc} def     % color47 
/c48 {.6 .3 2.1 sc} def     % color48 
/c49 {.3 .6 2.1 sc} def     % color49 
/c50 {0 2.4 .6 sc} def      % color50 
/c51 {0 2.1 .9 sc} def      % color51 
/c52 {0 .9 2.1 sc} def      % color52 
/c53 {.8 .1 .1 sc} def      % color53 
/c54 {.7 .3 0 sc} def       % color54 
/c55 {.7 .2 .1 sc} def      % color55 
/c56 {.7 .1 .2 sc} def      % color56 
/c57 {.6 .4 0 sc} def       % color57 
/c58 {.6 .3 .1 sc} def      % color58 
/c59 {.3 .4 .3 sc} def      % color59 
/c60 {.6 .1 .3 sc} def      % color60 
/c61 {.5 .3 .2 sc} def      % color61 
/c62 {.5 .2 .3 sc} def      % color62 
/c63 {.5 .1 .4 sc} def      % color63 
/c64 {.4 .3 .3 sc} def      % color64 
/c65 {.4 .2 .4 sc} def      % color65 
/c66 {1.2 .4 .4 sc} def     % color66 
/c67 {1.2 .2 .6 sc} def     % color67 
/c68 {1 .8 .2 sc} def       % color68 
/c69 {1 .6 .4 sc} def       % color69 
/c70 {1 .4 .6 sc} def       % color70 
/c100 {0.996094 0.996094 0.996094 sc} def   % color100 
/c101 {0.996094 0.695312 0.695312 sc} def   % color101 
/c102 {0.894531 0.492188 0.492188 sc} def   % color102 
/c103 {0.796875 0.316406 0.316406 sc} def   % color103 
/c104 {0.695312 0.171875 0.171875 sc} def   % color104 
/c105 {0.597656 0.0585938 0.0585938 sc} def % color105 
/c106 {0.894531 0.84375 0.695312 sc} def    % color106 
/c107 {0.761719 0.691406 0.492188 sc} def   % color107 
/c108 {0.636719 0.554688 0.316406 sc} def   % color108 
/c109 {0.519531 0.433594 0.171875 sc} def   % color109 
/c110 {0.417969 0.328125 0.0585938 sc} def  % color110 
/c111 {0.894531 0.996094 0.695312 sc} def   % color111 
/c112 {0.761719 0.894531 0.492188 sc} def   % color112 
/c113 {0.636719 0.796875 0.316406 sc} def   % color113 
/c114 {0.519531 0.695312 0.171875 sc} def   % color114 
/c115 {0.417969 0.597656 0.0585938 sc} def  % color115 
/c116 {0.695312 0.894531 0.996094 sc} def   % color116 
/c117 {0.492188 0.761719 0.894531 sc} def   % color117 
/c118 {0.316406 0.636719 0.796875 sc} def   % color118 
/c119 {0.171875 0.519531 0.695312 sc} def   % color119 
/c120 {0.0585938 0.417969 0.597656 sc} def  % color120 
/c121 {0.746094 0.695312 0.996094 sc} def   % color121 
/c122 {0.558594 0.492188 0.894531 sc} def   % color122 
/c123 {0.394531 0.316406 0.796875 sc} def   % color123 
/c124 {0.257812 0.171875 0.695312 sc} def   % color124 
/c125 {0.148438 0.0585938 0.597656 sc} def  % color125 
/c126 {0.996094 0.996094 0.597656 sc} def   % color126 
/c127 {0.996094 0.996094 0 sc} def          % color127 
/c128 {0.996094 0.796875 0 sc} def          % color128 
/c129 {0.996094 0.597656 0 sc} def          % color129 
/c130 {0.996094 0.398438 0 sc} def          % color130 
/c1001 {0.496094 0.785156 0.496094 sc} def   % Accent_3_qual_1 
/c1002 {0.742188 0.679688 0.828125 sc} def   % Accent_3_qual_2 
/c1003 {0.988281 0.75 0.523438 sc} def       % Accent_3_qual_3 
/c1004 {0.496094 0.785156 0.496094 sc} def   % Accent_4_qual_1 
/c1005 {0.742188 0.679688 0.828125 sc} def   % Accent_4_qual_2 
/c1006 {0.988281 0.75 0.523438 sc} def 	    % Accent_4_qual_3 
/c1007 {0.996094 0.996094 0.597656 sc} def   % Accent_4_qual_4 
/c1008 {0.496094 0.785156 0.496094 sc} def   % Accent_5_qual_1 
/c1009 {0.742188 0.679688 0.828125 sc} def   % Accent_5_qual_2 
/c1010 {0.988281 0.75 0.523438 sc} def 	    % Accent_5_qual_3 
/c1011 {0.996094 0.996094 0.597656 sc} def   % Accent_5_qual_4 
/c1012 {0.21875 0.421875 0.6875 sc} def 	    % Accent_5_qual_5 
/c1013 {0.496094 0.785156 0.496094 sc} def   % Accent_6_qual_1 
/c1014 {0.742188 0.679688 0.828125 sc} def   % Accent_6_qual_2 
/c1015 {0.988281 0.75 0.523438 sc} def 	    % Accent_6_qual_3 
/c1016 {0.996094 0.996094 0.597656 sc} def   % Accent_6_qual_4 
/c1017 {0.21875 0.421875 0.6875 sc} def 	    % Accent_6_qual_5 
/c1018 {0.9375 0.0078125 0.496094 sc} def    % Accent_6_qual_6 
/c1019 {0.496094 0.785156 0.496094 sc} def   % Accent_7_qual_1 
/c1020 {0.742188 0.679688 0.828125 sc} def   % Accent_7_qual_2 
/c1021 {0.988281 0.75 0.523438 sc} def 	    % Accent_7_qual_3 
/c1022 {0.996094 0.996094 0.597656 sc} def   % Accent_7_qual_4 
/c1023 {0.21875 0.421875 0.6875 sc} def 	    % Accent_7_qual_5 
/c1024 {0.9375 0.0078125 0.496094 sc} def    % Accent_7_qual_6 
/c1025 {0.746094 0.355469 0.0898438 sc} def  % Accent_7_qual_7 
/c1026 {0.496094 0.785156 0.496094 sc} def   % Accent_8_qual_1 
/c1027 {0.742188 0.679688 0.828125 sc} def   % Accent_8_qual_2 
/c1028 {0.988281 0.75 0.523438 sc} def 	    % Accent_8_qual_3 
/c1029 {0.996094 0.996094 0.597656 sc} def   % Accent_8_qual_4 
/c1030 {0.21875 0.421875 0.6875 sc} def 	    % Accent_8_qual_5 
/c1031 {0.9375 0.0078125 0.496094 sc} def    % Accent_8_qual_6 
/c1032 {0.746094 0.355469 0.0898438 sc} def  % Accent_8_qual_7 
/c1033 {0.398438 0.398438 0.398438 sc} def   % Accent_8_qual_8 
/c1034 {0.867188 0.917969 0.964844 sc} def   % Blues_3_seq_1 
/c1035 {0.617188 0.789062 0.878906 sc} def   % Blues_3_seq_2 
/c1036 {0.191406 0.507812 0.738281 sc} def   % Blues_3_seq_3 
/c1037 {0.933594 0.949219 0.996094 sc} def   % Blues_4_seq_1 
/c1038 {0.738281 0.839844 0.902344 sc} def   % Blues_4_seq_2 
/c1039 {0.417969 0.679688 0.835938 sc} def   % Blues_4_seq_3 
/c1040 {0.128906 0.441406 0.707031 sc} def   % Blues_4_seq_4 
/c1041 {0.933594 0.949219 0.996094 sc} def   % Blues_5_seq_1 
/c1042 {0.738281 0.839844 0.902344 sc} def   % Blues_5_seq_2 
/c1043 {0.417969 0.679688 0.835938 sc} def   % Blues_5_seq_3 
/c1044 {0.191406 0.507812 0.738281 sc} def   % Blues_5_seq_4 
/c1045 {0.03125 0.316406 0.609375 sc} def    % Blues_5_seq_5 
/c1046 {0.933594 0.949219 0.996094 sc} def   % Blues_6_seq_1 
/c1047 {0.773438 0.855469 0.933594 sc} def   % Blues_6_seq_2 
/c1048 {0.617188 0.789062 0.878906 sc} def   % Blues_6_seq_3 
/c1049 {0.417969 0.679688 0.835938 sc} def   % Blues_6_seq_4 
/c1050 {0.191406 0.507812 0.738281 sc} def   % Blues_6_seq_5 
/c1051 {0.03125 0.316406 0.609375 sc} def    % Blues_6_seq_6 
/c1052 {0.933594 0.949219 0.996094 sc} def   % Blues_7_seq_1 
/c1053 {0.773438 0.855469 0.933594 sc} def   % Blues_7_seq_2 
/c1054 {0.617188 0.789062 0.878906 sc} def   % Blues_7_seq_3 
/c1055 {0.417969 0.679688 0.835938 sc} def   % Blues_7_seq_4 
/c1056 {0.257812 0.570312 0.773438 sc} def   % Blues_7_seq_5 
/c1057 {0.128906 0.441406 0.707031 sc} def   % Blues_7_seq_6 
/c1058 {0.03125 0.269531 0.578125 sc} def    % Blues_7_seq_7 
/c1059 {0.964844 0.980469 0.996094 sc} def   % Blues_8_seq_1 
/c1060 {0.867188 0.917969 0.964844 sc} def   % Blues_8_seq_2 
/c1061 {0.773438 0.855469 0.933594 sc} def   % Blues_8_seq_3 
/c1062 {0.617188 0.789062 0.878906 sc} def   % Blues_8_seq_4 
/c1063 {0.417969 0.679688 0.835938 sc} def   % Blues_8_seq_5 
/c1064 {0.257812 0.570312 0.773438 sc} def   % Blues_8_seq_6 
/c1065 {0.128906 0.441406 0.707031 sc} def   % Blues_8_seq_7 
/c1066 {0.03125 0.269531 0.578125 sc} def    % Blues_8_seq_8 
/c1067 {0.964844 0.980469 0.996094 sc} def   % Blues_9_seq_1 
/c1068 {0.867188 0.917969 0.964844 sc} def   % Blues_9_seq_2 
/c1069 {0.773438 0.855469 0.933594 sc} def   % Blues_9_seq_3 
/c1070 {0.617188 0.789062 0.878906 sc} def   % Blues_9_seq_4 
/c1071 {0.417969 0.679688 0.835938 sc} def   % Blues_9_seq_5 
/c1072 {0.257812 0.570312 0.773438 sc} def   % Blues_9_seq_6 
/c1073 {0.128906 0.441406 0.707031 sc} def   % Blues_9_seq_7 
/c1074 {0.03125 0.316406 0.609375 sc} def    % Blues_9_seq_8 
/c1075 {0.03125 0.1875 0.417969 sc} def 	    % Blues_9_seq_9 
/c1076 {0.84375 0.699219 0.394531 sc} def    % BrBG_3_div_1 
/c1077 {0.957031 0.957031 0.957031 sc} def   % BrBG_3_div_2 
/c1078 {0.351562 0.703125 0.671875 sc} def   % BrBG_3_div_3 
/c1079 {0.648438 0.378906 0.101562 sc} def   % BrBG_4_div_1 
/c1080 {0.871094 0.757812 0.488281 sc} def   % BrBG_4_div_2 
/c1081 {0.5 0.800781 0.753906 sc} def 	    % BrBG_4_div_3 
/c1082 {0.00390625 0.519531 0.441406 sc} def     % BrBG_4_div_4 
/c1083 {0.648438 0.378906 0.101562 sc} def   % BrBG_5_div_1 
/c1084 {0.871094 0.757812 0.488281 sc} def   % BrBG_5_div_2 
/c1085 {0.957031 0.957031 0.957031 sc} def   % BrBG_5_div_3 
/c1086 {0.5 0.800781 0.753906 sc} def 	    % BrBG_5_div_4 
/c1087 {0.00390625 0.519531 0.441406 sc} def     % BrBG_5_div_5 
/c1088 {0.546875 0.316406 0.0390625 sc} def  % BrBG_6_div_1 
/c1089 {0.84375 0.699219 0.394531 sc} def   % BrBG_6_div_2 
/c1090 {0.960938 0.90625 0.761719 sc} def   % BrBG_6_div_3 
/c1091 {0.777344 0.914062 0.894531 sc} def   % BrBG_6_div_4 
/c1092 {0.351562 0.703125 0.671875 sc} def   % BrBG_6_div_5 
/c1093 {0.00390625 0.398438 0.367188 sc} def     % BrBG_6_div_6 
/c1094 {0.546875 0.316406 0.0390625 sc} def  % BrBG_7_div_1 
/c1095 {0.84375 0.699219 0.394531 sc} def   % BrBG_7_div_2 
/c1096 {0.960938 0.90625 0.761719 sc} def   % BrBG_7_div_3 
/c1097 {0.957031 0.957031 0.957031 sc} def   % BrBG_7_div_4 
/c1098 {0.777344 0.914062 0.894531 sc} def   % BrBG_7_div_5 
/c1099 {0.351562 0.703125 0.671875 sc} def   % BrBG_7_div_6 
/c1100 {0.00390625 0.398438 0.367188 sc} def     % BrBG_7_div_7 
/c1101 {0.546875 0.316406 0.0390625 sc} def  % BrBG_8_div_1 
/c1102 {0.746094 0.503906 0.175781 sc} def   % BrBG_8_div_2 
/c1103 {0.871094 0.757812 0.488281 sc} def   % BrBG_8_div_3 
/c1104 {0.960938 0.90625 0.761719 sc} def   % BrBG_8_div_4 
/c1105 {0.777344 0.914062 0.894531 sc} def   % BrBG_8_div_5 
/c1106 {0.5 0.800781 0.753906 sc} def 	    % BrBG_8_div_6 
/c1107 {0.207031 0.589844 0.558594 sc} def   % BrBG_8_div_7 
/c1108 {0.00390625 0.398438 0.367188 sc} def     % BrBG_8_div_8 
/c1109 {0.546875 0.316406 0.0390625 sc} def  % BrBG_9_div_1 
/c1110 {0.746094 0.503906 0.175781 sc} def   % BrBG_9_div_2 
/c1111 {0.871094 0.757812 0.488281 sc} def   % BrBG_9_div_3 
/c1112 {0.960938 0.90625 0.761719 sc} def   % BrBG_9_div_4 
/c1113 {0.957031 0.957031 0.957031 sc} def   % BrBG_9_div_5 
/c1114 {0.777344 0.914062 0.894531 sc} def   % BrBG_9_div_6 
/c1115 {0.5 0.800781 0.753906 sc} def 	    % BrBG_9_div_7 
/c1116 {0.207031 0.589844 0.558594 sc} def   % BrBG_9_div_8 
/c1117 {0.00390625 0.398438 0.367188 sc} def     % BrBG_9_div_9 
/c1118 {0.328125 0.1875 0.0195312 sc} def   % BrBG_10_div_1 
/c1119 {0.546875 0.316406 0.0390625 sc} def  % BrBG_10_div_2 
/c1120 {0.746094 0.503906 0.175781 sc} def   % BrBG_10_div_3 
/c1121 {0.871094 0.757812 0.488281 sc} def   % BrBG_10_div_4 
/c1122 {0.960938 0.90625 0.761719 sc} def   % BrBG_10_div_5 
/c1123 {0.777344 0.914062 0.894531 sc} def   % BrBG_10_div_6 
/c1124 {0.5 0.800781 0.753906 sc} def 	    % BrBG_10_div_7 
/c1125 {0.207031 0.589844 0.558594 sc} def   % BrBG_10_div_8 
/c1126 {0.00390625 0.398438 0.367188 sc} def     % BrBG_10_div_9 
/c1127 {0 0.234375 0.1875 sc} def 	    % BrBG_10_div_10 
/c1128 {0.328125 0.1875 0.0195312 sc} def   % BrBG_11_div_1 
/c1129 {0.546875 0.316406 0.0390625 sc} def  % BrBG_11_div_2 
/c1130 {0.746094 0.503906 0.175781 sc} def   % BrBG_11_div_3 
/c1131 {0.871094 0.757812 0.488281 sc} def   % BrBG_11_div_4 
/c1132 {0.960938 0.90625 0.761719 sc} def   % BrBG_11_div_5 
/c1133 {0.957031 0.957031 0.957031 sc} def   % BrBG_11_div_6 
/c1134 {0.777344 0.914062 0.894531 sc} def   % BrBG_11_div_7 
/c1135 {0.5 0.800781 0.753906 sc} def 	    % BrBG_11_div_8 
/c1136 {0.207031 0.589844 0.558594 sc} def   % BrBG_11_div_9 
/c1137 {0.00390625 0.398438 0.367188 sc} def     % BrBG_11_div_10 
/c1138 {0 0.234375 0.1875 sc} def 	    % BrBG_11_div_11 
/c1139 {0.894531 0.957031 0.972656 sc} def   % BuGn_3_seq_1 
/c1140 {0.597656 0.84375 0.785156 sc} def   % BuGn_3_seq_2 
/c1141 {0.171875 0.632812 0.371094 sc} def   % BuGn_3_seq_3 
/c1142 {0.925781 0.96875 0.980469 sc} def   % BuGn_4_seq_1 
/c1143 {0.695312 0.882812 0.882812 sc} def   % BuGn_4_seq_2 
/c1144 {0.398438 0.757812 0.640625 sc} def   % BuGn_4_seq_3 
/c1145 {0.136719 0.542969 0.269531 sc} def   % BuGn_4_seq_4 
/c1146 {0.925781 0.96875 0.980469 sc} def   % BuGn_5_seq_1 
/c1147 {0.695312 0.882812 0.882812 sc} def   % BuGn_5_seq_2 
/c1148 {0.398438 0.757812 0.640625 sc} def   % BuGn_5_seq_3 
/c1149 {0.171875 0.632812 0.371094 sc} def   % BuGn_5_seq_4 
/c1150 {0 0.425781 0.171875 sc} def 	    % BuGn_5_seq_5 
/c1151 {0.925781 0.96875 0.980469 sc} def   % BuGn_6_seq_1 
/c1152 {0.796875 0.921875 0.898438 sc} def   % BuGn_6_seq_2 
/c1153 {0.597656 0.84375 0.785156 sc} def   % BuGn_6_seq_3 
/c1154 {0.398438 0.757812 0.640625 sc} def   % BuGn_6_seq_4 
/c1155 {0.171875 0.632812 0.371094 sc} def   % BuGn_6_seq_5 
/c1156 {0 0.425781 0.171875 sc} def 	    % BuGn_6_seq_6 
/c1157 {0.925781 0.96875 0.980469 sc} def   % BuGn_7_seq_1 
/c1158 {0.796875 0.921875 0.898438 sc} def   % BuGn_7_seq_2 
/c1159 {0.597656 0.84375 0.785156 sc} def   % BuGn_7_seq_3 
/c1160 {0.398438 0.757812 0.640625 sc} def   % BuGn_7_seq_4 
/c1161 {0.253906 0.679688 0.460938 sc} def   % BuGn_7_seq_5 
/c1162 {0.136719 0.542969 0.269531 sc} def   % BuGn_7_seq_6 
/c1163 {0 0.34375 0.140625 sc} def 	    % BuGn_7_seq_7 
/c1164 {0.964844 0.984375 0.988281 sc} def   % BuGn_8_seq_1 
/c1165 {0.894531 0.957031 0.972656 sc} def   % BuGn_8_seq_2 
/c1166 {0.796875 0.921875 0.898438 sc} def   % BuGn_8_seq_3 
/c1167 {0.597656 0.84375 0.785156 sc} def   % BuGn_8_seq_4 
/c1168 {0.398438 0.757812 0.640625 sc} def   % BuGn_8_seq_5 
/c1169 {0.253906 0.679688 0.460938 sc} def   % BuGn_8_seq_6 
/c1170 {0.136719 0.542969 0.269531 sc} def   % BuGn_8_seq_7 
/c1171 {0 0.34375 0.140625 sc} def 	    % BuGn_8_seq_8 
/c1172 {0.964844 0.984375 0.988281 sc} def   % BuGn_9_seq_1 
/c1173 {0.894531 0.957031 0.972656 sc} def   % BuGn_9_seq_2 
/c1174 {0.796875 0.921875 0.898438 sc} def   % BuGn_9_seq_3 
/c1175 {0.597656 0.84375 0.785156 sc} def   % BuGn_9_seq_4 
/c1176 {0.398438 0.757812 0.640625 sc} def   % BuGn_9_seq_5 
/c1177 {0.253906 0.679688 0.460938 sc} def   % BuGn_9_seq_6 
/c1178 {0.136719 0.542969 0.269531 sc} def   % BuGn_9_seq_7 
/c1179 {0 0.425781 0.171875 sc} def 	    % BuGn_9_seq_8 
/c1180 {0 0.265625 0.105469 sc} def 	    % BuGn_9_seq_9 
/c1181 {0.875 0.921875 0.953125 sc} def 	    % BuPu_3_seq_1 
/c1182 {0.617188 0.734375 0.851562 sc} def   % BuPu_3_seq_2 
/c1183 {0.53125 0.335938 0.652344 sc} def   % BuPu_3_seq_3 
/c1184 {0.925781 0.96875 0.980469 sc} def   % BuPu_4_seq_1 
/c1185 {0.699219 0.800781 0.886719 sc} def   % BuPu_4_seq_2 
/c1186 {0.546875 0.585938 0.773438 sc} def   % BuPu_4_seq_3 
/c1187 {0.53125 0.253906 0.613281 sc} def   % BuPu_4_seq_4 
/c1188 {0.925781 0.96875 0.980469 sc} def   % BuPu_5_seq_1 
/c1189 {0.699219 0.800781 0.886719 sc} def   % BuPu_5_seq_2 
/c1190 {0.546875 0.585938 0.773438 sc} def   % BuPu_5_seq_3 
/c1191 {0.53125 0.335938 0.652344 sc} def   % BuPu_5_seq_4 
/c1192 {0.503906 0.0585938 0.484375 sc} def  % BuPu_5_seq_5 
/c1193 {0.925781 0.96875 0.980469 sc} def   % BuPu_6_seq_1 
/c1194 {0.746094 0.824219 0.898438 sc} def   % BuPu_6_seq_2 
/c1195 {0.617188 0.734375 0.851562 sc} def   % BuPu_6_seq_3 
/c1196 {0.546875 0.585938 0.773438 sc} def   % BuPu_6_seq_4 
/c1197 {0.53125 0.335938 0.652344 sc} def   % BuPu_6_seq_5 
/c1198 {0.503906 0.0585938 0.484375 sc} def  % BuPu_6_seq_6 
/c1199 {0.925781 0.96875 0.980469 sc} def   % BuPu_7_seq_1 
/c1200 {0.746094 0.824219 0.898438 sc} def   % BuPu_7_seq_2 
/c1201 {0.617188 0.734375 0.851562 sc} def   % BuPu_7_seq_3 
/c1202 {0.546875 0.585938 0.773438 sc} def   % BuPu_7_seq_4 
/c1203 {0.546875 0.417969 0.691406 sc} def   % BuPu_7_seq_5 
/c1204 {0.53125 0.253906 0.613281 sc} def   % BuPu_7_seq_6 
/c1205 {0.429688 0.00390625 0.417969 sc} def     % BuPu_7_seq_7 
/c1206 {0.964844 0.984375 0.988281 sc} def   % BuPu_8_seq_1 
/c1207 {0.875 0.921875 0.953125 sc} def 	    % BuPu_8_seq_2 
/c1208 {0.746094 0.824219 0.898438 sc} def   % BuPu_8_seq_3 
/c1209 {0.617188 0.734375 0.851562 sc} def   % BuPu_8_seq_4 
/c1210 {0.546875 0.585938 0.773438 sc} def   % BuPu_8_seq_5 
/c1211 {0.546875 0.417969 0.691406 sc} def   % BuPu_8_seq_6 
/c1212 {0.53125 0.253906 0.613281 sc} def   % BuPu_8_seq_7 
/c1213 {0.429688 0.00390625 0.417969 sc} def     % BuPu_8_seq_8 
/c1214 {0.964844 0.984375 0.988281 sc} def   % BuPu_9_seq_1 
/c1215 {0.875 0.921875 0.953125 sc} def 	    % BuPu_9_seq_2 
/c1216 {0.746094 0.824219 0.898438 sc} def   % BuPu_9_seq_3 
/c1217 {0.617188 0.734375 0.851562 sc} def   % BuPu_9_seq_4 
/c1218 {0.546875 0.585938 0.773438 sc} def   % BuPu_9_seq_5 
/c1219 {0.546875 0.417969 0.691406 sc} def   % BuPu_9_seq_6 
/c1220 {0.53125 0.253906 0.613281 sc} def   % BuPu_9_seq_7 
/c1221 {0.503906 0.0585938 0.484375 sc} def  % BuPu_9_seq_8 
/c1222 {0.300781 0 0.292969 sc} def 	    % BuPu_9_seq_9 
/c1223 {0.105469 0.617188 0.464844 sc} def   % Dark2_3_qual_1 
/c1224 {0.847656 0.371094 0.0078125 sc} def  % Dark2_3_qual_2 
/c1225 {0.457031 0.4375 0.699219 sc} def   % Dark2_3_qual_3 
/c1226 {0.105469 0.617188 0.464844 sc} def   % Dark2_4_qual_1 
/c1227 {0.847656 0.371094 0.0078125 sc} def  % Dark2_4_qual_2 
/c1228 {0.457031 0.4375 0.699219 sc} def   % Dark2_4_qual_3 
/c1229 {0.902344 0.160156 0.539062 sc} def   % Dark2_4_qual_4 
/c1230 {0.105469 0.617188 0.464844 sc} def   % Dark2_5_qual_1 
/c1231 {0.847656 0.371094 0.0078125 sc} def  % Dark2_5_qual_2 
/c1232 {0.457031 0.4375 0.699219 sc} def   % Dark2_5_qual_3 
/c1233 {0.902344 0.160156 0.539062 sc} def   % Dark2_5_qual_4 
/c1234 {0.398438 0.648438 0.117188 sc} def   % Dark2_5_qual_5 
/c1235 {0.105469 0.617188 0.464844 sc} def   % Dark2_6_qual_1 
/c1236 {0.847656 0.371094 0.0078125 sc} def  % Dark2_6_qual_2 
/c1237 {0.457031 0.4375 0.699219 sc} def   % Dark2_6_qual_3 
/c1238 {0.902344 0.160156 0.539062 sc} def   % Dark2_6_qual_4 
/c1239 {0.398438 0.648438 0.117188 sc} def   % Dark2_6_qual_5 
/c1240 {0.898438 0.667969 0.0078125 sc} def  % Dark2_6_qual_6 
/c1241 {0.105469 0.617188 0.464844 sc} def   % Dark2_7_qual_1 
/c1242 {0.847656 0.371094 0.0078125 sc} def  % Dark2_7_qual_2 
/c1243 {0.457031 0.4375 0.699219 sc} def   % Dark2_7_qual_3 
/c1244 {0.902344 0.160156 0.539062 sc} def   % Dark2_7_qual_4 
/c1245 {0.398438 0.648438 0.117188 sc} def   % Dark2_7_qual_5 
/c1246 {0.898438 0.667969 0.0078125 sc} def  % Dark2_7_qual_6 
/c1247 {0.648438 0.460938 0.113281 sc} def   % Dark2_7_qual_7 
/c1248 {0.105469 0.617188 0.464844 sc} def   % Dark2_8_qual_1 
/c1249 {0.847656 0.371094 0.0078125 sc} def  % Dark2_8_qual_2 
/c1250 {0.457031 0.4375 0.699219 sc} def   % Dark2_8_qual_3 
/c1251 {0.902344 0.160156 0.539062 sc} def   % Dark2_8_qual_4 
/c1252 {0.398438 0.648438 0.117188 sc} def   % Dark2_8_qual_5 
/c1253 {0.898438 0.667969 0.0078125 sc} def  % Dark2_8_qual_6 
/c1254 {0.648438 0.460938 0.113281 sc} def   % Dark2_8_qual_7 
/c1255 {0.398438 0.398438 0.398438 sc} def   % Dark2_8_qual_8 
/c1256 {0.875 0.949219 0.855469 sc} def 	    % GnBu_3_seq_1 
/c1257 {0.65625 0.863281 0.707031 sc} def   % GnBu_3_seq_2 
/c1258 {0.261719 0.632812 0.789062 sc} def   % GnBu_3_seq_3 
/c1259 {0.9375 0.972656 0.90625 sc} def 	    % GnBu_4_seq_1 
/c1260 {0.726562 0.890625 0.734375 sc} def   % GnBu_4_seq_2 
/c1261 {0.480469 0.796875 0.765625 sc} def   % GnBu_4_seq_3 
/c1262 {0.167969 0.546875 0.742188 sc} def   % GnBu_4_seq_4 
/c1263 {0.9375 0.972656 0.90625 sc} def 	    % GnBu_5_seq_1 
/c1264 {0.726562 0.890625 0.734375 sc} def   % GnBu_5_seq_2 
/c1265 {0.480469 0.796875 0.765625 sc} def   % GnBu_5_seq_3 
/c1266 {0.261719 0.632812 0.789062 sc} def   % GnBu_5_seq_4 
/c1267 {0.03125 0.40625 0.671875 sc} def   % GnBu_5_seq_5 
/c1268 {0.9375 0.972656 0.90625 sc} def 	    % GnBu_6_seq_1 
/c1269 {0.796875 0.917969 0.769531 sc} def   % GnBu_6_seq_2 
/c1270 {0.65625 0.863281 0.707031 sc} def   % GnBu_6_seq_3 
/c1271 {0.480469 0.796875 0.765625 sc} def   % GnBu_6_seq_4 
/c1272 {0.261719 0.632812 0.789062 sc} def   % GnBu_6_seq_5 
/c1273 {0.03125 0.40625 0.671875 sc} def   % GnBu_6_seq_6 
/c1274 {0.9375 0.972656 0.90625 sc} def 	    % GnBu_7_seq_1 
/c1275 {0.796875 0.917969 0.769531 sc} def   % GnBu_7_seq_2 
/c1276 {0.65625 0.863281 0.707031 sc} def   % GnBu_7_seq_3 
/c1277 {0.480469 0.796875 0.765625 sc} def   % GnBu_7_seq_4 
/c1278 {0.304688 0.699219 0.824219 sc} def   % GnBu_7_seq_5 
/c1279 {0.167969 0.546875 0.742188 sc} def   % GnBu_7_seq_6 
/c1280 {0.03125 0.34375 0.617188 sc} def   % GnBu_7_seq_7 
/c1281 {0.964844 0.984375 0.9375 sc} def   % GnBu_8_seq_1 
/c1282 {0.875 0.949219 0.855469 sc} def 	    % GnBu_8_seq_2 
/c1283 {0.796875 0.917969 0.769531 sc} def   % GnBu_8_seq_3 
/c1284 {0.65625 0.863281 0.707031 sc} def   % GnBu_8_seq_4 
/c1285 {0.480469 0.796875 0.765625 sc} def   % GnBu_8_seq_5 
/c1286 {0.304688 0.699219 0.824219 sc} def   % GnBu_8_seq_6 
/c1287 {0.167969 0.546875 0.742188 sc} def   % GnBu_8_seq_7 
/c1288 {0.03125 0.34375 0.617188 sc} def   % GnBu_8_seq_8 
/c1289 {0.964844 0.984375 0.9375 sc} def   % GnBu_9_seq_1 
/c1290 {0.875 0.949219 0.855469 sc} def 	    % GnBu_9_seq_2 
/c1291 {0.796875 0.917969 0.769531 sc} def   % GnBu_9_seq_3 
/c1292 {0.65625 0.863281 0.707031 sc} def   % GnBu_9_seq_4 
/c1293 {0.480469 0.796875 0.765625 sc} def   % GnBu_9_seq_5 
/c1294 {0.304688 0.699219 0.824219 sc} def   % GnBu_9_seq_6 
/c1295 {0.167969 0.546875 0.742188 sc} def   % GnBu_9_seq_7 
/c1296 {0.03125 0.40625 0.671875 sc} def   % GnBu_9_seq_8 
/c1297 {0.03125 0.25 0.503906 sc} def 	    % GnBu_9_seq_9 
/c1298 {0.894531 0.957031 0.875 sc} def 	    % Greens_3_seq_1 
/c1299 {0.628906 0.847656 0.605469 sc} def   % Greens_3_seq_2 
/c1300 {0.191406 0.636719 0.328125 sc} def   % Greens_3_seq_3 
/c1301 {0.925781 0.96875 0.910156 sc} def   % Greens_4_seq_1 
/c1302 {0.726562 0.890625 0.699219 sc} def   % Greens_4_seq_2 
/c1303 {0.453125 0.765625 0.460938 sc} def   % Greens_4_seq_3 
/c1304 {0.136719 0.542969 0.269531 sc} def   % Greens_4_seq_4 
/c1305 {0.925781 0.96875 0.910156 sc} def   % Greens_5_seq_1 
/c1306 {0.726562 0.890625 0.699219 sc} def   % Greens_5_seq_2 
/c1307 {0.453125 0.765625 0.460938 sc} def   % Greens_5_seq_3 
/c1308 {0.191406 0.636719 0.328125 sc} def   % Greens_5_seq_4 
/c1309 {0 0.425781 0.171875 sc} def 	    % Greens_5_seq_5 
/c1310 {0.925781 0.96875 0.910156 sc} def   % Greens_6_seq_1 
/c1311 {0.777344 0.910156 0.75 sc} def 	    % Greens_6_seq_2 
/c1312 {0.628906 0.847656 0.605469 sc} def   % Greens_6_seq_3 
/c1313 {0.453125 0.765625 0.460938 sc} def   % Greens_6_seq_4 
/c1314 {0.191406 0.636719 0.328125 sc} def   % Greens_6_seq_5 
/c1315 {0 0.425781 0.171875 sc} def 	    % Greens_6_seq_6 
/c1316 {0.925781 0.96875 0.910156 sc} def   % Greens_7_seq_1 
/c1317 {0.777344 0.910156 0.75 sc} def 	    % Greens_7_seq_2 
/c1318 {0.628906 0.847656 0.605469 sc} def   % Greens_7_seq_3 
/c1319 {0.453125 0.765625 0.460938 sc} def   % Greens_7_seq_4 
/c1320 {0.253906 0.667969 0.363281 sc} def   % Greens_7_seq_5 
/c1321 {0.136719 0.542969 0.269531 sc} def   % Greens_7_seq_6 
/c1322 {0 0.351562 0.195312 sc} def 	    % Greens_7_seq_7 
/c1323 {0.964844 0.984375 0.957031 sc} def   % Greens_8_seq_1 
/c1324 {0.894531 0.957031 0.875 sc} def 	    % Greens_8_seq_2 
/c1325 {0.777344 0.910156 0.75 sc} def 	    % Greens_8_seq_3 
/c1326 {0.628906 0.847656 0.605469 sc} def   % Greens_8_seq_4 
/c1327 {0.453125 0.765625 0.460938 sc} def   % Greens_8_seq_5 
/c1328 {0.253906 0.667969 0.363281 sc} def   % Greens_8_seq_6 
/c1329 {0.136719 0.542969 0.269531 sc} def   % Greens_8_seq_7 
/c1330 {0 0.351562 0.195312 sc} def 	    % Greens_8_seq_8 
/c1331 {0.964844 0.984375 0.957031 sc} def   % Greens_9_seq_1 
/c1332 {0.894531 0.957031 0.875 sc} def 	    % Greens_9_seq_2 
/c1333 {0.777344 0.910156 0.75 sc} def 	    % Greens_9_seq_3 
/c1334 {0.628906 0.847656 0.605469 sc} def   % Greens_9_seq_4 
/c1335 {0.453125 0.765625 0.460938 sc} def   % Greens_9_seq_5 
/c1336 {0.253906 0.667969 0.363281 sc} def   % Greens_9_seq_6 
/c1337 {0.136719 0.542969 0.269531 sc} def   % Greens_9_seq_7 
/c1338 {0 0.425781 0.171875 sc} def 	    % Greens_9_seq_8 
/c1339 {0 0.265625 0.105469 sc} def 	    % Greens_9_seq_9 
/c1340 {0.9375 0.9375 0.9375 sc} def 	    % Greys_3_seq_1 
/c1341 {0.738281 0.738281 0.738281 sc} def   % Greys_3_seq_2 
/c1342 {0.386719 0.386719 0.386719 sc} def   % Greys_3_seq_3 
/c1343 {0.964844 0.964844 0.964844 sc} def   % Greys_4_seq_1 
/c1344 {0.796875 0.796875 0.796875 sc} def   % Greys_4_seq_2 
/c1345 {0.585938 0.585938 0.585938 sc} def   % Greys_4_seq_3 
/c1346 {0.320312 0.320312 0.320312 sc} def   % Greys_4_seq_4 
/c1347 {0.964844 0.964844 0.964844 sc} def   % Greys_5_seq_1 
/c1348 {0.796875 0.796875 0.796875 sc} def   % Greys_5_seq_2 
/c1349 {0.585938 0.585938 0.585938 sc} def   % Greys_5_seq_3 
/c1350 {0.386719 0.386719 0.386719 sc} def   % Greys_5_seq_4 
/c1351 {0.144531 0.144531 0.144531 sc} def   % Greys_5_seq_5 
/c1352 {0.964844 0.964844 0.964844 sc} def   % Greys_6_seq_1 
/c1353 {0.847656 0.847656 0.847656 sc} def   % Greys_6_seq_2 
/c1354 {0.738281 0.738281 0.738281 sc} def   % Greys_6_seq_3 
/c1355 {0.585938 0.585938 0.585938 sc} def   % Greys_6_seq_4 
/c1356 {0.386719 0.386719 0.386719 sc} def   % Greys_6_seq_5 
