1.0000 0.9578 0.9543 0.8629 0.8377 0.8729 0.9475 0.9466 0.9299 0.9559
0.9578 1.0000 0.9672 0.8829 0.8578 0.8874 0.9554 0.9285 0.9505 0.9468
0.9543 0.9672 1.0000 0.8770 0.8530 0.8845 0.9563 0.9278 0.9431 0.9531
0.8629 0.8829 0.8770 1.0000 0.9471 0.9484 0.8597 0.8288 0.8985 0.8552
0.8377 0.8578 0.8530 0.9471 1.0000 0.9396 0.8348 0.7985 0.8722 0.8343
0.8729 0.8874 0.8845 0.9484 0.9396 1.0000 0.8598 0.8365 0.8876 0.8711
0.9475 0.9554 0.9563 0.8597 0.8348 0.8598 1.0000 0.9308 0.9442 0.9386
0.9466 0.9285 0.9278 0.8288 0.7985 0.8365 0.9308 1.0000 0.8992 0.9324
0.9299 0.9505 0.9431 0.8985 0.8722 0.8876 0.9442 0.8992 1.0000 0.9166
0.9559 0.9468 0.9531 0.8552 0.8343 0.8711 0.9386 0.9324 0.9166 1.0000
