1.0000 0.9898 0.9906 0.9862 0.9908 0.9897 0.9880 0.9883 0.9889 0.9877
0.9898 1.0000 0.9916 0.9871 0.9929 0.9900 0.9892 0.9894 0.9869 0.9878
0.9906 0.9916 1.0000 0.9884 0.9928 0.9903 0.9896 0.9912 0.9869 0.9869
0.9862 0.9871 0.9884 1.0000 0.9896 0.9867 0.9918 0.9917 0.9805 0.9797
0.9908 0.9929 0.9928 0.9896 1.0000 0.9901 0.9912 0.9912 0.9863 0.9860
0.9897 0.9900 0.9903 0.9867 0.9901 1.0000 0.9865 0.9878 0.9894 0.9884
0.9880 0.9892 0.9896 0.9918 0.9912 0.9865 1.0000 0.9927 0.9816 0.9819
0.9883 0.9894 0.9912 0.9917 0.9912 0.9878 0.9927 1.0000 0.9830 0.9825
0.9889 0.9869 0.9869 0.9805 0.9863 0.9894 0.9816 0.9830 1.0000 0.9911
0.9877 0.9878 0.9869 0.9797 0.9860 0.9884 0.9819 0.9825 0.9911 1.0000
