1.0000 0.9873 0.9829 0.9898 0.9853 0.9863 0.9886 0.9874 0.9880 0.9902
0.9873 1.0000 0.9744 0.9857 0.9789 0.9793 0.9905 0.9831 0.9823 0.9903
0.9829 0.9744 1.0000 0.9829 0.9892 0.9890 0.9779 0.9843 0.9865 0.9795
0.9898 0.9857 0.9829 1.0000 0.9855 0.9878 0.9883 0.9857 0.9907 0.9895
0.9853 0.9789 0.9892 0.9855 1.0000 0.9890 0.9820 0.9875 0.9874 0.9828
0.9863 0.9793 0.9890 0.9878 0.9890 1.0000 0.9831 0.9865 0.9904 0.9844
0.9886 0.9905 0.9779 0.9883 0.9820 0.9831 1.0000 0.9851 0.9856 0.9908
0.9874 0.9831 0.9843 0.9857 0.9875 0.9865 0.9851 1.0000 0.9851 0.9862
0.9880 0.9823 0.9865 0.9907 0.9874 0.9904 0.9856 0.9851 1.0000 0.9865
0.9902 0.9903 0.9795 0.9895 0.9828 0.9844 0.9908 0.9862 0.9865 1.0000
